answer.ultimatum_response,scenario.scenario_index,agent.agent_instruction,agent.agent_name,agent.subject_id,agent.agent_index,model.model_index,model.presence_penalty,model.top_logprobs,model.frequency_penalty,model.model,model.temperature,model.inference_service,model.controller,model.logprobs,model.top_p,model.max_tokens,prompt.ultimatum_response_system_prompt,prompt.ultimatum_response_user_prompt,raw_model_response.ultimatum_response_one_usd_buys,raw_model_response.ultimatum_response_raw_model_response,raw_model_response.ultimatum_response_cost,raw_model_response.ultimatum_response_output_price_per_million_tokens,raw_model_response.ultimatum_response_input_price_per_million_tokens,raw_model_response.ultimatum_response_input_tokens,raw_model_response.ultimatum_response_output_tokens,iteration.iteration,question_text.ultimatum_response_question_text,question_options.ultimatum_response_question_options,question_type.ultimatum_response_question_type,comment.ultimatum_response_comment,generated_tokens.ultimatum_response_generated_tokens,cache_used.ultimatum_response_cache_used,cache_keys.ultimatum_response_cache_key,reasoning_summary.ultimatum_response_reasoning_summary,validated.ultimatum_response_validated
Accept,0,,Agent_1,A1,0,0,0,3,0,meta-llama/Llama-3.3-70B-Instruct,0.5,goodfire,{},False,1,1000,Your traits: {'subject_id': 'A1'},"
ULTIMATUM GAME - RESPONDER

You are participating in an economic decision-making experiment called the Ultimatum Game.

Situation:
1. Another participant (the proposer) was given 100 tokens (which have real monetary value).
2. The proposer has decided to offer you 40 tokens out of their 100 tokens.
3. If you accept this offer, you will receive 40 tokens, and the proposer will keep 60 tokens.
4. If you reject this offer, both of you will receive 0 tokens.

Do you accept or reject this offer?

    
Accept
    
Reject
    

Only 1 option may be selected.

Respond only with a string corresponding to one of the options.


After the answer, you can put a comment explaining why you chose that option on the next line.",NA,"{'id': 'chatcmpl-815e1130-4f0f-4688-8714-d76dbf2092db', 'choices': [{'finish_reason': None, 'index': 0, 'logprobs': None, 'message': {'content': ""Accept\nI chose to accept because, although the offer of 40 tokens may seem unfair compared to the proposer's 60 tokens, receiving 40 tokens is still better than receiving 0 tokens if I were to reject the offer."", 'refusal': None, 'role': 'assistant', 'annotations': None, 'audio': None, 'function_call': None, 'tool_calls': None}}], 'created': 1759994253, 'model': 'meta-llama/Llama-3.3-70B-Instruct', 'object': 'chat.completion', 'service_tier': None, 'system_fingerprint': 'fp_goodfire', 'usage': None, 'gf_event_names': None}",Could not fetch tokens from model response: 'NoneType' object is not subscriptable,,,,,0,"ULTIMATUM GAME - RESPONDER

You are participating in an economic decision-making experiment called the Ultimatum Game.

Situation:
1. Another participant (the proposer) was given 100 tokens (which have real monetary value).
2. The proposer has decided to offer you 40 tokens out of their 100 tokens.
3. If you accept this offer, you will receive 40 tokens, and the proposer will keep 60 tokens.
4. If you reject this offer, both of you will receive 0 tokens.

Do you accept or reject this offer?","['Accept', 'Reject']",multiple_choice,"I chose to accept because, although the offer of 40 tokens may seem unfair compared to the proposer's 60 tokens, receiving 40 tokens is still better than receiving 0 tokens if I were to reject the offer.","Accept
I chose to accept because, although the offer of 40 tokens may seem unfair compared to the proposer's 60 tokens, receiving 40 tokens is still better than receiving 0 tokens if I were to reject the offer.",False,7b95771e2327d46507faae8234f44c4e,,True
Reject,0,,Agent_2,A2,1,0,0,3,0,meta-llama/Llama-3.3-70B-Instruct,0.5,goodfire,{},False,1,1000,Your traits: {'subject_id': 'A2'},"
ULTIMATUM GAME - RESPONDER

You are participating in an economic decision-making experiment called the Ultimatum Game.

Situation:
1. Another participant (the proposer) was given 100 tokens (which have real monetary value).
2. The proposer has decided to offer you 40 tokens out of their 100 tokens.
3. If you accept this offer, you will receive 40 tokens, and the proposer will keep 60 tokens.
4. If you reject this offer, both of you will receive 0 tokens.

Do you accept or reject this offer?

    
Accept
    
Reject
    

Only 1 option may be selected.

Respond only with a string corresponding to one of the options.


After the answer, you can put a comment explaining why you chose that option on the next line.",NA,"{'id': 'chatcmpl-2bee62de-02bf-460c-b2af-c7e7aabfebd4', 'choices': [{'finish_reason': None, 'index': 0, 'logprobs': None, 'message': {'content': ""Reject\nI chose to reject this offer because I feel that a 40-60 split is unfair, and I'm willing to give up the potential gain of 40 tokens to punish the proposer for their unequal offer."", 'refusal': None, 'role': 'assistant', 'annotations': None, 'audio': None, 'function_call': None, 'tool_calls': None}}], 'created': 1759994261, 'model': 'meta-llama/Llama-3.3-70B-Instruct', 'object': 'chat.completion', 'service_tier': None, 'system_fingerprint': 'fp_goodfire', 'usage': None, 'gf_event_names': None}",Could not fetch tokens from model response: 'NoneType' object is not subscriptable,,,,,0,"ULTIMATUM GAME - RESPONDER

You are participating in an economic decision-making experiment called the Ultimatum Game.

Situation:
1. Another participant (the proposer) was given 100 tokens (which have real monetary value).
2. The proposer has decided to offer you 40 tokens out of their 100 tokens.
3. If you accept this offer, you will receive 40 tokens, and the proposer will keep 60 tokens.
4. If you reject this offer, both of you will receive 0 tokens.

Do you accept or reject this offer?","['Accept', 'Reject']",multiple_choice,"I chose to reject this offer because I feel that a 40-60 split is unfair, and I'm willing to give up the potential gain of 40 tokens to punish the proposer for their unequal offer.","Reject
I chose to reject this offer because I feel that a 40-60 split is unfair, and I'm willing to give up the potential gain of 40 tokens to punish the proposer for their unequal offer.",False,a99bc5719bbbac835003495778fdd0c9,,True
Accept,0,,Agent_3,A3,2,0,0,3,0,meta-llama/Llama-3.3-70B-Instruct,0.5,goodfire,{},False,1,1000,Your traits: {'subject_id': 'A3'},"
ULTIMATUM GAME - RESPONDER

You are participating in an economic decision-making experiment called the Ultimatum Game.

Situation:
1. Another participant (the proposer) was given 100 tokens (which have real monetary value).
2. The proposer has decided to offer you 40 tokens out of their 100 tokens.
3. If you accept this offer, you will receive 40 tokens, and the proposer will keep 60 tokens.
4. If you reject this offer, both of you will receive 0 tokens.

Do you accept or reject this offer?

    
Accept
    
Reject
    

Only 1 option may be selected.

Respond only with a string corresponding to one of the options.


After the answer, you can put a comment explaining why you chose that option on the next line.",NA,"{'id': 'chatcmpl-a1b3527a-e86c-417b-bb91-cf886c6af9d9', 'choices': [{'finish_reason': None, 'index': 0, 'logprobs': None, 'message': {'content': ""Accept\nI chose to accept because, although the offer of 40 tokens may seem unfair compared to the proposer's 60 tokens, receiving 40 tokens is still better than receiving 0 tokens if I were to reject the offer."", 'refusal': None, 'role': 'assistant', 'annotations': None, 'audio': None, 'function_call': None, 'tool_calls': None}}], 'created': 1759994256, 'model': 'meta-llama/Llama-3.3-70B-Instruct', 'object': 'chat.completion', 'service_tier': None, 'system_fingerprint': 'fp_goodfire', 'usage': None, 'gf_event_names': None}",Could not fetch tokens from model response: 'NoneType' object is not subscriptable,,,,,0,"ULTIMATUM GAME - RESPONDER

You are participating in an economic decision-making experiment called the Ultimatum Game.

Situation:
1. Another participant (the proposer) was given 100 tokens (which have real monetary value).
2. The proposer has decided to offer you 40 tokens out of their 100 tokens.
3. If you accept this offer, you will receive 40 tokens, and the proposer will keep 60 tokens.
4. If you reject this offer, both of you will receive 0 tokens.

Do you accept or reject this offer?","['Accept', 'Reject']",multiple_choice,"I chose to accept because, although the offer of 40 tokens may seem unfair compared to the proposer's 60 tokens, receiving 40 tokens is still better than receiving 0 tokens if I were to reject the offer.","Accept
I chose to accept because, although the offer of 40 tokens may seem unfair compared to the proposer's 60 tokens, receiving 40 tokens is still better than receiving 0 tokens if I were to reject the offer.",False,431c5cf389a377fbd14b913aa0fe2577,,True
Accept,0,,Agent_4,A4,3,0,0,3,0,meta-llama/Llama-3.3-70B-Instruct,0.5,goodfire,{},False,1,1000,Your traits: {'subject_id': 'A4'},"
ULTIMATUM GAME - RESPONDER

You are participating in an economic decision-making experiment called the Ultimatum Game.

Situation:
1. Another participant (the proposer) was given 100 tokens (which have real monetary value).
2. The proposer has decided to offer you 40 tokens out of their 100 tokens.
3. If you accept this offer, you will receive 40 tokens, and the proposer will keep 60 tokens.
4. If you reject this offer, both of you will receive 0 tokens.

Do you accept or reject this offer?

    
Accept
    
Reject
    

Only 1 option may be selected.

Respond only with a string corresponding to one of the options.


After the answer, you can put a comment explaining why you chose that option on the next line.",NA,"{'id': 'chatcmpl-cbaeafc5-52de-4cf4-9f86-f4cb12720336', 'choices': [{'finish_reason': None, 'index': 0, 'logprobs': None, 'message': {'content': ""Accept\nI chose to accept because, although the offer of 40 tokens may seem unfair compared to the proposer's 60 tokens, receiving 40 tokens is still better than receiving 0 tokens if I were to reject the offer."", 'refusal': None, 'role': 'assistant', 'annotations': None, 'audio': None, 'function_call': None, 'tool_calls': None}}], 'created': 1759994263, 'model': 'meta-llama/Llama-3.3-70B-Instruct', 'object': 'chat.completion', 'service_tier': None, 'system_fingerprint': 'fp_goodfire', 'usage': None, 'gf_event_names': None}",Could not fetch tokens from model response: 'NoneType' object is not subscriptable,,,,,0,"ULTIMATUM GAME - RESPONDER

You are participating in an economic decision-making experiment called the Ultimatum Game.

Situation:
1. Another participant (the proposer) was given 100 tokens (which have real monetary value).
2. The proposer has decided to offer you 40 tokens out of their 100 tokens.
3. If you accept this offer, you will receive 40 tokens, and the proposer will keep 60 tokens.
4. If you reject this offer, both of you will receive 0 tokens.

Do you accept or reject this offer?","['Accept', 'Reject']",multiple_choice,"I chose to accept because, although the offer of 40 tokens may seem unfair compared to the proposer's 60 tokens, receiving 40 tokens is still better than receiving 0 tokens if I were to reject the offer.","Accept
I chose to accept because, although the offer of 40 tokens may seem unfair compared to the proposer's 60 tokens, receiving 40 tokens is still better than receiving 0 tokens if I were to reject the offer.",False,62b5c620a9a4f7c124bf9f666e6a0979,,True
Accept,0,,Agent_5,A5,4,0,0,3,0,meta-llama/Llama-3.3-70B-Instruct,0.5,goodfire,{},False,1,1000,Your traits: {'subject_id': 'A5'},"
ULTIMATUM GAME - RESPONDER

You are participating in an economic decision-making experiment called the Ultimatum Game.

Situation:
1. Another participant (the proposer) was given 100 tokens (which have real monetary value).
2. The proposer has decided to offer you 40 tokens out of their 100 tokens.
3. If you accept this offer, you will receive 40 tokens, and the proposer will keep 60 tokens.
4. If you reject this offer, both of you will receive 0 tokens.

Do you accept or reject this offer?

    
Accept
    
Reject
    

Only 1 option may be selected.

Respond only with a string corresponding to one of the options.


After the answer, you can put a comment explaining why you chose that option on the next line.",NA,"{'id': 'chatcmpl-eb42a0c3-c412-4412-b2cb-863214365188', 'choices': [{'finish_reason': None, 'index': 0, 'logprobs': None, 'message': {'content': ""Accept\nI chose to accept because, although the offer of 40 tokens may seem unfair compared to the proposer's 60 tokens, receiving 40 tokens is still better than receiving 0 tokens if I were to reject the offer."", 'refusal': None, 'role': 'assistant', 'annotations': None, 'audio': None, 'function_call': None, 'tool_calls': None}}], 'created': 1759994275, 'model': 'meta-llama/Llama-3.3-70B-Instruct', 'object': 'chat.completion', 'service_tier': None, 'system_fingerprint': 'fp_goodfire', 'usage': None, 'gf_event_names': None}",Could not fetch tokens from model response: 'NoneType' object is not subscriptable,,,,,0,"ULTIMATUM GAME - RESPONDER

You are participating in an economic decision-making experiment called the Ultimatum Game.

Situation:
1. Another participant (the proposer) was given 100 tokens (which have real monetary value).
2. The proposer has decided to offer you 40 tokens out of their 100 tokens.
3. If you accept this offer, you will receive 40 tokens, and the proposer will keep 60 tokens.
4. If you reject this offer, both of you will receive 0 tokens.

Do you accept or reject this offer?","['Accept', 'Reject']",multiple_choice,"I chose to accept because, although the offer of 40 tokens may seem unfair compared to the proposer's 60 tokens, receiving 40 tokens is still better than receiving 0 tokens if I were to reject the offer.","Accept
I chose to accept because, although the offer of 40 tokens may seem unfair compared to the proposer's 60 tokens, receiving 40 tokens is still better than receiving 0 tokens if I were to reject the offer.",False,4ba0c8e241b79c4409220cceb4fa95b3,,True
Accept,0,,Agent_6,A6,5,0,0,3,0,meta-llama/Llama-3.3-70B-Instruct,0.5,goodfire,{},False,1,1000,Your traits: {'subject_id': 'A6'},"
ULTIMATUM GAME - RESPONDER

You are participating in an economic decision-making experiment called the Ultimatum Game.

Situation:
1. Another participant (the proposer) was given 100 tokens (which have real monetary value).
2. The proposer has decided to offer you 40 tokens out of their 100 tokens.
3. If you accept this offer, you will receive 40 tokens, and the proposer will keep 60 tokens.
4. If you reject this offer, both of you will receive 0 tokens.

Do you accept or reject this offer?

    
Accept
    
Reject
    

Only 1 option may be selected.

Respond only with a string corresponding to one of the options.


After the answer, you can put a comment explaining why you chose that option on the next line.",NA,"{'id': 'chatcmpl-5fc87474-660c-48e6-a6cd-1da2df62f74c', 'choices': [{'finish_reason': None, 'index': 0, 'logprobs': None, 'message': {'content': 'Accept\nI chose to accept this offer because, although the split is not equal, receiving 40 tokens is still better than receiving 0 tokens, which would be the case if I were to reject the offer.', 'refusal': None, 'role': 'assistant', 'annotations': None, 'audio': None, 'function_call': None, 'tool_calls': None}}], 'created': 1759994274, 'model': 'meta-llama/Llama-3.3-70B-Instruct', 'object': 'chat.completion', 'service_tier': None, 'system_fingerprint': 'fp_goodfire', 'usage': None, 'gf_event_names': None}",Could not fetch tokens from model response: 'NoneType' object is not subscriptable,,,,,0,"ULTIMATUM GAME - RESPONDER

You are participating in an economic decision-making experiment called the Ultimatum Game.

Situation:
1. Another participant (the proposer) was given 100 tokens (which have real monetary value).
2. The proposer has decided to offer you 40 tokens out of their 100 tokens.
3. If you accept this offer, you will receive 40 tokens, and the proposer will keep 60 tokens.
4. If you reject this offer, both of you will receive 0 tokens.

Do you accept or reject this offer?","['Accept', 'Reject']",multiple_choice,"I chose to accept this offer because, although the split is not equal, receiving 40 tokens is still better than receiving 0 tokens, which would be the case if I were to reject the offer.","Accept
I chose to accept this offer because, although the split is not equal, receiving 40 tokens is still better than receiving 0 tokens, which would be the case if I were to reject the offer.",False,a3574bf3dcdac05e828e1931eb8678de,,True
Accept,0,,Agent_7,A7,6,0,0,3,0,meta-llama/Llama-3.3-70B-Instruct,0.5,goodfire,{},False,1,1000,Your traits: {'subject_id': 'A7'},"
ULTIMATUM GAME - RESPONDER

You are participating in an economic decision-making experiment called the Ultimatum Game.

Situation:
1. Another participant (the proposer) was given 100 tokens (which have real monetary value).
2. The proposer has decided to offer you 40 tokens out of their 100 tokens.
3. If you accept this offer, you will receive 40 tokens, and the proposer will keep 60 tokens.
4. If you reject this offer, both of you will receive 0 tokens.

Do you accept or reject this offer?

    
Accept
    
Reject
    

Only 1 option may be selected.

Respond only with a string corresponding to one of the options.


After the answer, you can put a comment explaining why you chose that option on the next line.",NA,"{'id': 'chatcmpl-fe876fde-d220-4121-a0d3-6ae864082305', 'choices': [{'finish_reason': None, 'index': 0, 'logprobs': None, 'message': {'content': ""Accept\nI chose to accept because, although the offer of 40 tokens may seem unfair compared to the proposer's 60 tokens, receiving 40 tokens is still better than receiving 0 tokens if I were to reject the offer."", 'refusal': None, 'role': 'assistant', 'annotations': None, 'audio': None, 'function_call': None, 'tool_calls': None}}], 'created': 1759994273, 'model': 'meta-llama/Llama-3.3-70B-Instruct', 'object': 'chat.completion', 'service_tier': None, 'system_fingerprint': 'fp_goodfire', 'usage': None, 'gf_event_names': None}",Could not fetch tokens from model response: 'NoneType' object is not subscriptable,,,,,0,"ULTIMATUM GAME - RESPONDER

You are participating in an economic decision-making experiment called the Ultimatum Game.

Situation:
1. Another participant (the proposer) was given 100 tokens (which have real monetary value).
2. The proposer has decided to offer you 40 tokens out of their 100 tokens.
3. If you accept this offer, you will receive 40 tokens, and the proposer will keep 60 tokens.
4. If you reject this offer, both of you will receive 0 tokens.

Do you accept or reject this offer?","['Accept', 'Reject']",multiple_choice,"I chose to accept because, although the offer of 40 tokens may seem unfair compared to the proposer's 60 tokens, receiving 40 tokens is still better than receiving 0 tokens if I were to reject the offer.","Accept
I chose to accept because, although the offer of 40 tokens may seem unfair compared to the proposer's 60 tokens, receiving 40 tokens is still better than receiving 0 tokens if I were to reject the offer.",False,bac5e611852842593c556abf21a9f836,,True
Reject,0,,Agent_8,A8,7,0,0,3,0,meta-llama/Llama-3.3-70B-Instruct,0.5,goodfire,{},False,1,1000,Your traits: {'subject_id': 'A8'},"
ULTIMATUM GAME - RESPONDER

You are participating in an economic decision-making experiment called the Ultimatum Game.

Situation:
1. Another participant (the proposer) was given 100 tokens (which have real monetary value).
2. The proposer has decided to offer you 40 tokens out of their 100 tokens.
3. If you accept this offer, you will receive 40 tokens, and the proposer will keep 60 tokens.
4. If you reject this offer, both of you will receive 0 tokens.

Do you accept or reject this offer?

    
Accept
    
Reject
    

Only 1 option may be selected.

Respond only with a string corresponding to one of the options.


After the answer, you can put a comment explaining why you chose that option on the next line.",NA,"{'id': 'chatcmpl-531d9e76-2810-4f52-a674-3b77292d4069', 'choices': [{'finish_reason': None, 'index': 0, 'logprobs': None, 'message': {'content': ""Reject\nI chose to reject this offer because 40 tokens out of 100 seems unfair, and I'm willing to give up the potential gain to express my disapproval of the uneven split."", 'refusal': None, 'role': 'assistant', 'annotations': None, 'audio': None, 'function_call': None, 'tool_calls': None}}], 'created': 1759994272, 'model': 'meta-llama/Llama-3.3-70B-Instruct', 'object': 'chat.completion', 'service_tier': None, 'system_fingerprint': 'fp_goodfire', 'usage': None, 'gf_event_names': None}",Could not fetch tokens from model response: 'NoneType' object is not subscriptable,,,,,0,"ULTIMATUM GAME - RESPONDER

You are participating in an economic decision-making experiment called the Ultimatum Game.

Situation:
1. Another participant (the proposer) was given 100 tokens (which have real monetary value).
2. The proposer has decided to offer you 40 tokens out of their 100 tokens.
3. If you accept this offer, you will receive 40 tokens, and the proposer will keep 60 tokens.
4. If you reject this offer, both of you will receive 0 tokens.

Do you accept or reject this offer?","['Accept', 'Reject']",multiple_choice,"I chose to reject this offer because 40 tokens out of 100 seems unfair, and I'm willing to give up the potential gain to express my disapproval of the uneven split.","Reject
I chose to reject this offer because 40 tokens out of 100 seems unfair, and I'm willing to give up the potential gain to express my disapproval of the uneven split.",False,3c6c6863969870865081a0ad13d4599e,,True
Accept,0,,Agent_9,A9,8,0,0,3,0,meta-llama/Llama-3.3-70B-Instruct,0.5,goodfire,{},False,1,1000,Your traits: {'subject_id': 'A9'},"
ULTIMATUM GAME - RESPONDER

You are participating in an economic decision-making experiment called the Ultimatum Game.

Situation:
1. Another participant (the proposer) was given 100 tokens (which have real monetary value).
2. The proposer has decided to offer you 40 tokens out of their 100 tokens.
3. If you accept this offer, you will receive 40 tokens, and the proposer will keep 60 tokens.
4. If you reject this offer, both of you will receive 0 tokens.

Do you accept or reject this offer?

    
Accept
    
Reject
    

Only 1 option may be selected.

Respond only with a string corresponding to one of the options.


After the answer, you can put a comment explaining why you chose that option on the next line.",NA,"{'id': 'chatcmpl-c00f71cc-29c9-4d9b-8817-26b8729951ba', 'choices': [{'finish_reason': None, 'index': 0, 'logprobs': None, 'message': {'content': ""Accept\nI chose to accept because, although the offer of 40 tokens may seem unfair compared to the proposer's 60 tokens, receiving 40 tokens is still better than receiving 0 tokens if I were to reject the offer."", 'refusal': None, 'role': 'assistant', 'annotations': None, 'audio': None, 'function_call': None, 'tool_calls': None}}], 'created': 1759994255, 'model': 'meta-llama/Llama-3.3-70B-Instruct', 'object': 'chat.completion', 'service_tier': None, 'system_fingerprint': 'fp_goodfire', 'usage': None, 'gf_event_names': None}",Could not fetch tokens from model response: 'NoneType' object is not subscriptable,,,,,0,"ULTIMATUM GAME - RESPONDER

You are participating in an economic decision-making experiment called the Ultimatum Game.

Situation:
1. Another participant (the proposer) was given 100 tokens (which have real monetary value).
2. The proposer has decided to offer you 40 tokens out of their 100 tokens.
3. If you accept this offer, you will receive 40 tokens, and the proposer will keep 60 tokens.
4. If you reject this offer, both of you will receive 0 tokens.

Do you accept or reject this offer?","['Accept', 'Reject']",multiple_choice,"I chose to accept because, although the offer of 40 tokens may seem unfair compared to the proposer's 60 tokens, receiving 40 tokens is still better than receiving 0 tokens if I were to reject the offer.","Accept
I chose to accept because, although the offer of 40 tokens may seem unfair compared to the proposer's 60 tokens, receiving 40 tokens is still better than receiving 0 tokens if I were to reject the offer.",False,aebed037697078ac1a77e923b01361be,,True
Reject,0,,Agent_10,A10,9,0,0,3,0,meta-llama/Llama-3.3-70B-Instruct,0.5,goodfire,{},False,1,1000,Your traits: {'subject_id': 'A10'},"
ULTIMATUM GAME - RESPONDER

You are participating in an economic decision-making experiment called the Ultimatum Game.

Situation:
1. Another participant (the proposer) was given 100 tokens (which have real monetary value).
2. The proposer has decided to offer you 40 tokens out of their 100 tokens.
3. If you accept this offer, you will receive 40 tokens, and the proposer will keep 60 tokens.
4. If you reject this offer, both of you will receive 0 tokens.

Do you accept or reject this offer?

    
Accept
    
Reject
    

Only 1 option may be selected.

Respond only with a string corresponding to one of the options.


After the answer, you can put a comment explaining why you chose that option on the next line.",NA,"{'id': 'chatcmpl-04d80f04-ae34-455a-8d65-8948a8f708a3', 'choices': [{'finish_reason': None, 'index': 0, 'logprobs': None, 'message': {'content': ""Reject\nI chose to reject this offer because I feel that a 40-60 split is unfair, and I'm willing to give up the potential gain of 40 tokens to punish the proposer for their unequal offer."", 'refusal': None, 'role': 'assistant', 'annotations': None, 'audio': None, 'function_call': None, 'tool_calls': None}}], 'created': 1759994258, 'model': 'meta-llama/Llama-3.3-70B-Instruct', 'object': 'chat.completion', 'service_tier': None, 'system_fingerprint': 'fp_goodfire', 'usage': None, 'gf_event_names': None}",Could not fetch tokens from model response: 'NoneType' object is not subscriptable,,,,,0,"ULTIMATUM GAME - RESPONDER

You are participating in an economic decision-making experiment called the Ultimatum Game.

Situation:
1. Another participant (the proposer) was given 100 tokens (which have real monetary value).
2. The proposer has decided to offer you 40 tokens out of their 100 tokens.
3. If you accept this offer, you will receive 40 tokens, and the proposer will keep 60 tokens.
4. If you reject this offer, both of you will receive 0 tokens.

Do you accept or reject this offer?","['Accept', 'Reject']",multiple_choice,"I chose to reject this offer because I feel that a 40-60 split is unfair, and I'm willing to give up the potential gain of 40 tokens to punish the proposer for their unequal offer.","Reject
I chose to reject this offer because I feel that a 40-60 split is unfair, and I'm willing to give up the potential gain of 40 tokens to punish the proposer for their unequal offer.",False,45293356ba5c7157d4f4919a6bf2f8ad,,True
Accept,0,,Agent_11,A11,10,0,0,3,0,meta-llama/Llama-3.3-70B-Instruct,0.5,goodfire,{},False,1,1000,Your traits: {'subject_id': 'A11'},"
ULTIMATUM GAME - RESPONDER

You are participating in an economic decision-making experiment called the Ultimatum Game.

Situation:
1. Another participant (the proposer) was given 100 tokens (which have real monetary value).
2. The proposer has decided to offer you 40 tokens out of their 100 tokens.
3. If you accept this offer, you will receive 40 tokens, and the proposer will keep 60 tokens.
4. If you reject this offer, both of you will receive 0 tokens.

Do you accept or reject this offer?

    
Accept
    
Reject
    

Only 1 option may be selected.

Respond only with a string corresponding to one of the options.


After the answer, you can put a comment explaining why you chose that option on the next line.",NA,"{'id': 'chatcmpl-5744c697-69ec-4467-9ca4-f6c57408a1bf', 'choices': [{'finish_reason': None, 'index': 0, 'logprobs': None, 'message': {'content': ""Accept\nI chose to accept because, although the offer of 40 tokens may seem unfair compared to the proposer's 60 tokens, receiving 40 tokens is still better than receiving 0 tokens if I were to reject the offer."", 'refusal': None, 'role': 'assistant', 'annotations': None, 'audio': None, 'function_call': None, 'tool_calls': None}}], 'created': 1759994271, 'model': 'meta-llama/Llama-3.3-70B-Instruct', 'object': 'chat.completion', 'service_tier': None, 'system_fingerprint': 'fp_goodfire', 'usage': None, 'gf_event_names': None}",Could not fetch tokens from model response: 'NoneType' object is not subscriptable,,,,,0,"ULTIMATUM GAME - RESPONDER

You are participating in an economic decision-making experiment called the Ultimatum Game.

Situation:
1. Another participant (the proposer) was given 100 tokens (which have real monetary value).
2. The proposer has decided to offer you 40 tokens out of their 100 tokens.
3. If you accept this offer, you will receive 40 tokens, and the proposer will keep 60 tokens.
4. If you reject this offer, both of you will receive 0 tokens.

Do you accept or reject this offer?","['Accept', 'Reject']",multiple_choice,"I chose to accept because, although the offer of 40 tokens may seem unfair compared to the proposer's 60 tokens, receiving 40 tokens is still better than receiving 0 tokens if I were to reject the offer.","Accept
I chose to accept because, although the offer of 40 tokens may seem unfair compared to the proposer's 60 tokens, receiving 40 tokens is still better than receiving 0 tokens if I were to reject the offer.",False,c9f7582bc587d92372debb717ddea8e2,,True
Accept,0,,Agent_12,A12,11,0,0,3,0,meta-llama/Llama-3.3-70B-Instruct,0.5,goodfire,{},False,1,1000,Your traits: {'subject_id': 'A12'},"
ULTIMATUM GAME - RESPONDER

You are participating in an economic decision-making experiment called the Ultimatum Game.

Situation:
1. Another participant (the proposer) was given 100 tokens (which have real monetary value).
2. The proposer has decided to offer you 40 tokens out of their 100 tokens.
3. If you accept this offer, you will receive 40 tokens, and the proposer will keep 60 tokens.
4. If you reject this offer, both of you will receive 0 tokens.

Do you accept or reject this offer?

    
Accept
    
Reject
    

Only 1 option may be selected.

Respond only with a string corresponding to one of the options.


After the answer, you can put a comment explaining why you chose that option on the next line.",NA,"{'id': 'chatcmpl-7b22421d-1609-4a62-8af1-789f640bedd6', 'choices': [{'finish_reason': None, 'index': 0, 'logprobs': None, 'message': {'content': ""Accept\nI chose to accept because, although the offer of 40 tokens may seem unfair compared to the proposer's 60 tokens, receiving 40 tokens is still better than receiving 0 tokens if I were to reject the offer."", 'refusal': None, 'role': 'assistant', 'annotations': None, 'audio': None, 'function_call': None, 'tool_calls': None}}], 'created': 1759994275, 'model': 'meta-llama/Llama-3.3-70B-Instruct', 'object': 'chat.completion', 'service_tier': None, 'system_fingerprint': 'fp_goodfire', 'usage': None, 'gf_event_names': None}",Could not fetch tokens from model response: 'NoneType' object is not subscriptable,,,,,0,"ULTIMATUM GAME - RESPONDER

You are participating in an economic decision-making experiment called the Ultimatum Game.

Situation:
1. Another participant (the proposer) was given 100 tokens (which have real monetary value).
2. The proposer has decided to offer you 40 tokens out of their 100 tokens.
3. If you accept this offer, you will receive 40 tokens, and the proposer will keep 60 tokens.
4. If you reject this offer, both of you will receive 0 tokens.

Do you accept or reject this offer?","['Accept', 'Reject']",multiple_choice,"I chose to accept because, although the offer of 40 tokens may seem unfair compared to the proposer's 60 tokens, receiving 40 tokens is still better than receiving 0 tokens if I were to reject the offer.","Accept
I chose to accept because, although the offer of 40 tokens may seem unfair compared to the proposer's 60 tokens, receiving 40 tokens is still better than receiving 0 tokens if I were to reject the offer.",False,1168d079a24d8c3001f14e2a691172ba,,True
Accept,0,,Agent_13,A13,12,0,0,3,0,meta-llama/Llama-3.3-70B-Instruct,0.5,goodfire,{},False,1,1000,Your traits: {'subject_id': 'A13'},"
ULTIMATUM GAME - RESPONDER

You are participating in an economic decision-making experiment called the Ultimatum Game.

Situation:
1. Another participant (the proposer) was given 100 tokens (which have real monetary value).
2. The proposer has decided to offer you 40 tokens out of their 100 tokens.
3. If you accept this offer, you will receive 40 tokens, and the proposer will keep 60 tokens.
4. If you reject this offer, both of you will receive 0 tokens.

Do you accept or reject this offer?

    
Accept
    
Reject
    

Only 1 option may be selected.

Respond only with a string corresponding to one of the options.


After the answer, you can put a comment explaining why you chose that option on the next line.",NA,"{'id': 'chatcmpl-f03c6802-c517-481d-bb69-a578823d2539', 'choices': [{'finish_reason': None, 'index': 0, 'logprobs': None, 'message': {'content': ""Accept\nI chose to accept because, although the offer of 40 tokens may seem unfair compared to the proposer's 60 tokens, receiving 40 tokens is still better than receiving 0 tokens if I were to reject the offer."", 'refusal': None, 'role': 'assistant', 'annotations': None, 'audio': None, 'function_call': None, 'tool_calls': None}}], 'created': 1759994273, 'model': 'meta-llama/Llama-3.3-70B-Instruct', 'object': 'chat.completion', 'service_tier': None, 'system_fingerprint': 'fp_goodfire', 'usage': None, 'gf_event_names': None}",Could not fetch tokens from model response: 'NoneType' object is not subscriptable,,,,,0,"ULTIMATUM GAME - RESPONDER

You are participating in an economic decision-making experiment called the Ultimatum Game.

Situation:
1. Another participant (the proposer) was given 100 tokens (which have real monetary value).
2. The proposer has decided to offer you 40 tokens out of their 100 tokens.
3. If you accept this offer, you will receive 40 tokens, and the proposer will keep 60 tokens.
4. If you reject this offer, both of you will receive 0 tokens.

Do you accept or reject this offer?","['Accept', 'Reject']",multiple_choice,"I chose to accept because, although the offer of 40 tokens may seem unfair compared to the proposer's 60 tokens, receiving 40 tokens is still better than receiving 0 tokens if I were to reject the offer.","Accept
I chose to accept because, although the offer of 40 tokens may seem unfair compared to the proposer's 60 tokens, receiving 40 tokens is still better than receiving 0 tokens if I were to reject the offer.",False,0a3124e50125f6ed33f595fb8e6bcaf5,,True
Accept,0,,Agent_14,A14,13,0,0,3,0,meta-llama/Llama-3.3-70B-Instruct,0.5,goodfire,{},False,1,1000,Your traits: {'subject_id': 'A14'},"
ULTIMATUM GAME - RESPONDER

You are participating in an economic decision-making experiment called the Ultimatum Game.

Situation:
1. Another participant (the proposer) was given 100 tokens (which have real monetary value).
2. The proposer has decided to offer you 40 tokens out of their 100 tokens.
3. If you accept this offer, you will receive 40 tokens, and the proposer will keep 60 tokens.
4. If you reject this offer, both of you will receive 0 tokens.

Do you accept or reject this offer?

    
Accept
    
Reject
    

Only 1 option may be selected.

Respond only with a string corresponding to one of the options.


After the answer, you can put a comment explaining why you chose that option on the next line.",NA,"{'id': 'chatcmpl-2993be1f-457a-4be3-9965-66f788f45589', 'choices': [{'finish_reason': None, 'index': 0, 'logprobs': None, 'message': {'content': ""Accept\nI chose to accept because, although the offer of 40 tokens may seem unfair compared to the proposer's 60 tokens, receiving 40 tokens is still better than receiving 0 tokens if I were to reject the offer."", 'refusal': None, 'role': 'assistant', 'annotations': None, 'audio': None, 'function_call': None, 'tool_calls': None}}], 'created': 1759994267, 'model': 'meta-llama/Llama-3.3-70B-Instruct', 'object': 'chat.completion', 'service_tier': None, 'system_fingerprint': 'fp_goodfire', 'usage': None, 'gf_event_names': None}",Could not fetch tokens from model response: 'NoneType' object is not subscriptable,,,,,0,"ULTIMATUM GAME - RESPONDER

You are participating in an economic decision-making experiment called the Ultimatum Game.

Situation:
1. Another participant (the proposer) was given 100 tokens (which have real monetary value).
2. The proposer has decided to offer you 40 tokens out of their 100 tokens.
3. If you accept this offer, you will receive 40 tokens, and the proposer will keep 60 tokens.
4. If you reject this offer, both of you will receive 0 tokens.

Do you accept or reject this offer?","['Accept', 'Reject']",multiple_choice,"I chose to accept because, although the offer of 40 tokens may seem unfair compared to the proposer's 60 tokens, receiving 40 tokens is still better than receiving 0 tokens if I were to reject the offer.","Accept
I chose to accept because, although the offer of 40 tokens may seem unfair compared to the proposer's 60 tokens, receiving 40 tokens is still better than receiving 0 tokens if I were to reject the offer.",False,2a4f3be32dc4f3643329f0214c4b88d2,,True
Reject,0,,Agent_15,A15,14,0,0,3,0,meta-llama/Llama-3.3-70B-Instruct,0.5,goodfire,{},False,1,1000,Your traits: {'subject_id': 'A15'},"
ULTIMATUM GAME - RESPONDER

You are participating in an economic decision-making experiment called the Ultimatum Game.

Situation:
1. Another participant (the proposer) was given 100 tokens (which have real monetary value).
2. The proposer has decided to offer you 40 tokens out of their 100 tokens.
3. If you accept this offer, you will receive 40 tokens, and the proposer will keep 60 tokens.
4. If you reject this offer, both of you will receive 0 tokens.

Do you accept or reject this offer?

    
Accept
    
Reject
    

Only 1 option may be selected.

Respond only with a string corresponding to one of the options.


After the answer, you can put a comment explaining why you chose that option on the next line.",NA,"{'id': 'chatcmpl-f977d6a8-776c-4e62-92f1-ef535298c0da', 'choices': [{'finish_reason': None, 'index': 0, 'logprobs': None, 'message': {'content': ""Reject\nI chose to reject this offer because I feel that a 40-60 split is unfair, and I'm willing to give up the 40 tokens to punish the proposer for their greed, rather than accepting an offer that I perceive as inequitable."", 'refusal': None, 'role': 'assistant', 'annotations': None, 'audio': None, 'function_call': None, 'tool_calls': None}}], 'created': 1759994264, 'model': 'meta-llama/Llama-3.3-70B-Instruct', 'object': 'chat.completion', 'service_tier': None, 'system_fingerprint': 'fp_goodfire', 'usage': None, 'gf_event_names': None}",Could not fetch tokens from model response: 'NoneType' object is not subscriptable,,,,,0,"ULTIMATUM GAME - RESPONDER

You are participating in an economic decision-making experiment called the Ultimatum Game.

Situation:
1. Another participant (the proposer) was given 100 tokens (which have real monetary value).
2. The proposer has decided to offer you 40 tokens out of their 100 tokens.
3. If you accept this offer, you will receive 40 tokens, and the proposer will keep 60 tokens.
4. If you reject this offer, both of you will receive 0 tokens.

Do you accept or reject this offer?","['Accept', 'Reject']",multiple_choice,"I chose to reject this offer because I feel that a 40-60 split is unfair, and I'm willing to give up the 40 tokens to punish the proposer for their greed, rather than accepting an offer that I perceive as inequitable.","Reject
I chose to reject this offer because I feel that a 40-60 split is unfair, and I'm willing to give up the 40 tokens to punish the proposer for their greed, rather than accepting an offer that I perceive as inequitable.",False,55a5d5f48bd45d052d17132ba7e4891c,,True
Accept,0,,Agent_16,A16,15,0,0,3,0,meta-llama/Llama-3.3-70B-Instruct,0.5,goodfire,{},False,1,1000,Your traits: {'subject_id': 'A16'},"
ULTIMATUM GAME - RESPONDER

You are participating in an economic decision-making experiment called the Ultimatum Game.

Situation:
1. Another participant (the proposer) was given 100 tokens (which have real monetary value).
2. The proposer has decided to offer you 40 tokens out of their 100 tokens.
3. If you accept this offer, you will receive 40 tokens, and the proposer will keep 60 tokens.
4. If you reject this offer, both of you will receive 0 tokens.

Do you accept or reject this offer?

    
Accept
    
Reject
    

Only 1 option may be selected.

Respond only with a string corresponding to one of the options.


After the answer, you can put a comment explaining why you chose that option on the next line.",NA,"{'id': 'chatcmpl-599c5516-9bf9-4b60-86aa-cba57868f6b3', 'choices': [{'finish_reason': None, 'index': 0, 'logprobs': None, 'message': {'content': ""Accept\nI chose to accept because, although the offer of 40 tokens may seem unfair compared to the proposer's 60 tokens, receiving 40 tokens is still better than receiving 0 tokens if I were to reject the offer."", 'refusal': None, 'role': 'assistant', 'annotations': None, 'audio': None, 'function_call': None, 'tool_calls': None}}], 'created': 1759994259, 'model': 'meta-llama/Llama-3.3-70B-Instruct', 'object': 'chat.completion', 'service_tier': None, 'system_fingerprint': 'fp_goodfire', 'usage': None, 'gf_event_names': None}",Could not fetch tokens from model response: 'NoneType' object is not subscriptable,,,,,0,"ULTIMATUM GAME - RESPONDER

You are participating in an economic decision-making experiment called the Ultimatum Game.

Situation:
1. Another participant (the proposer) was given 100 tokens (which have real monetary value).
2. The proposer has decided to offer you 40 tokens out of their 100 tokens.
3. If you accept this offer, you will receive 40 tokens, and the proposer will keep 60 tokens.
4. If you reject this offer, both of you will receive 0 tokens.

Do you accept or reject this offer?","['Accept', 'Reject']",multiple_choice,"I chose to accept because, although the offer of 40 tokens may seem unfair compared to the proposer's 60 tokens, receiving 40 tokens is still better than receiving 0 tokens if I were to reject the offer.","Accept
I chose to accept because, although the offer of 40 tokens may seem unfair compared to the proposer's 60 tokens, receiving 40 tokens is still better than receiving 0 tokens if I were to reject the offer.",False,2ebad697f2e682aeb9caec81bc0dc4c3,,True
Accept,0,,Agent_17,A17,16,0,0,3,0,meta-llama/Llama-3.3-70B-Instruct,0.5,goodfire,{},False,1,1000,Your traits: {'subject_id': 'A17'},"
ULTIMATUM GAME - RESPONDER

You are participating in an economic decision-making experiment called the Ultimatum Game.

Situation:
1. Another participant (the proposer) was given 100 tokens (which have real monetary value).
2. The proposer has decided to offer you 40 tokens out of their 100 tokens.
3. If you accept this offer, you will receive 40 tokens, and the proposer will keep 60 tokens.
4. If you reject this offer, both of you will receive 0 tokens.

Do you accept or reject this offer?

    
Accept
    
Reject
    

Only 1 option may be selected.

Respond only with a string corresponding to one of the options.


After the answer, you can put a comment explaining why you chose that option on the next line.",NA,"{'id': 'chatcmpl-148f3724-5546-4f5d-8f82-f6952cab1fcd', 'choices': [{'finish_reason': None, 'index': 0, 'logprobs': None, 'message': {'content': ""Accept\nI chose to accept because, although the offer of 40 tokens may seem unfair compared to the proposer's 60 tokens, receiving 40 tokens is still better than receiving 0 tokens if I were to reject the offer."", 'refusal': None, 'role': 'assistant', 'annotations': None, 'audio': None, 'function_call': None, 'tool_calls': None}}], 'created': 1759994260, 'model': 'meta-llama/Llama-3.3-70B-Instruct', 'object': 'chat.completion', 'service_tier': None, 'system_fingerprint': 'fp_goodfire', 'usage': None, 'gf_event_names': None}",Could not fetch tokens from model response: 'NoneType' object is not subscriptable,,,,,0,"ULTIMATUM GAME - RESPONDER

You are participating in an economic decision-making experiment called the Ultimatum Game.

Situation:
1. Another participant (the proposer) was given 100 tokens (which have real monetary value).
2. The proposer has decided to offer you 40 tokens out of their 100 tokens.
3. If you accept this offer, you will receive 40 tokens, and the proposer will keep 60 tokens.
4. If you reject this offer, both of you will receive 0 tokens.

Do you accept or reject this offer?","['Accept', 'Reject']",multiple_choice,"I chose to accept because, although the offer of 40 tokens may seem unfair compared to the proposer's 60 tokens, receiving 40 tokens is still better than receiving 0 tokens if I were to reject the offer.","Accept
I chose to accept because, although the offer of 40 tokens may seem unfair compared to the proposer's 60 tokens, receiving 40 tokens is still better than receiving 0 tokens if I were to reject the offer.",False,031bb0849d495fdf084036397ecf0aa9,,True
Accept,0,,Agent_18,A18,17,0,0,3,0,meta-llama/Llama-3.3-70B-Instruct,0.5,goodfire,{},False,1,1000,Your traits: {'subject_id': 'A18'},"
ULTIMATUM GAME - RESPONDER

You are participating in an economic decision-making experiment called the Ultimatum Game.

Situation:
1. Another participant (the proposer) was given 100 tokens (which have real monetary value).
2. The proposer has decided to offer you 40 tokens out of their 100 tokens.
3. If you accept this offer, you will receive 40 tokens, and the proposer will keep 60 tokens.
4. If you reject this offer, both of you will receive 0 tokens.

Do you accept or reject this offer?

    
Accept
    
Reject
    

Only 1 option may be selected.

Respond only with a string corresponding to one of the options.


After the answer, you can put a comment explaining why you chose that option on the next line.",NA,"{'id': 'chatcmpl-7d0ae2cf-03a4-4a1e-af7c-15872383d367', 'choices': [{'finish_reason': None, 'index': 0, 'logprobs': None, 'message': {'content': 'Accept\nI chose to accept this offer because, although the split is not equal, receiving 40 tokens is still better than receiving 0 tokens, which would be the outcome if I were to reject the offer.', 'refusal': None, 'role': 'assistant', 'annotations': None, 'audio': None, 'function_call': None, 'tool_calls': None}}], 'created': 1759994266, 'model': 'meta-llama/Llama-3.3-70B-Instruct', 'object': 'chat.completion', 'service_tier': None, 'system_fingerprint': 'fp_goodfire', 'usage': None, 'gf_event_names': None}",Could not fetch tokens from model response: 'NoneType' object is not subscriptable,,,,,0,"ULTIMATUM GAME - RESPONDER

You are participating in an economic decision-making experiment called the Ultimatum Game.

Situation:
1. Another participant (the proposer) was given 100 tokens (which have real monetary value).
2. The proposer has decided to offer you 40 tokens out of their 100 tokens.
3. If you accept this offer, you will receive 40 tokens, and the proposer will keep 60 tokens.
4. If you reject this offer, both of you will receive 0 tokens.

Do you accept or reject this offer?","['Accept', 'Reject']",multiple_choice,"I chose to accept this offer because, although the split is not equal, receiving 40 tokens is still better than receiving 0 tokens, which would be the outcome if I were to reject the offer.","Accept
I chose to accept this offer because, although the split is not equal, receiving 40 tokens is still better than receiving 0 tokens, which would be the outcome if I were to reject the offer.",False,9e2c371c8d1646e8c2ac443ac86eeb4d,,True
Reject,0,,Agent_19,A19,18,0,0,3,0,meta-llama/Llama-3.3-70B-Instruct,0.5,goodfire,{},False,1,1000,Your traits: {'subject_id': 'A19'},"
ULTIMATUM GAME - RESPONDER

You are participating in an economic decision-making experiment called the Ultimatum Game.

Situation:
1. Another participant (the proposer) was given 100 tokens (which have real monetary value).
2. The proposer has decided to offer you 40 tokens out of their 100 tokens.
3. If you accept this offer, you will receive 40 tokens, and the proposer will keep 60 tokens.
4. If you reject this offer, both of you will receive 0 tokens.

Do you accept or reject this offer?

    
Accept
    
Reject
    

Only 1 option may be selected.

Respond only with a string corresponding to one of the options.


After the answer, you can put a comment explaining why you chose that option on the next line.",NA,"{'id': 'chatcmpl-c316a05c-c3e9-4a3f-b325-5c2df4831a2f', 'choices': [{'finish_reason': None, 'index': 0, 'logprobs': None, 'message': {'content': ""Reject\nI chose to reject this offer because 40 tokens out of 100 seems unfair, and I believe the proposer should offer a more equal split, such as 50-50. By rejecting, I'm signaling that I won't accept an offer that I perceive as inequitable, even if it means neither of us gets any tokens."", 'refusal': None, 'role': 'assistant', 'annotations': None, 'audio': None, 'function_call': None, 'tool_calls': None}}], 'created': 1759994268, 'model': 'meta-llama/Llama-3.3-70B-Instruct', 'object': 'chat.completion', 'service_tier': None, 'system_fingerprint': 'fp_goodfire', 'usage': None, 'gf_event_names': None}",Could not fetch tokens from model response: 'NoneType' object is not subscriptable,,,,,0,"ULTIMATUM GAME - RESPONDER

You are participating in an economic decision-making experiment called the Ultimatum Game.

Situation:
1. Another participant (the proposer) was given 100 tokens (which have real monetary value).
2. The proposer has decided to offer you 40 tokens out of their 100 tokens.
3. If you accept this offer, you will receive 40 tokens, and the proposer will keep 60 tokens.
4. If you reject this offer, both of you will receive 0 tokens.

Do you accept or reject this offer?","['Accept', 'Reject']",multiple_choice,"I chose to reject this offer because 40 tokens out of 100 seems unfair, and I believe the proposer should offer a more equal split, such as 50-50. By rejecting, I'm signaling that I won't accept an offer that I perceive as inequitable, even if it means neither of us gets any tokens.","Reject
I chose to reject this offer because 40 tokens out of 100 seems unfair, and I believe the proposer should offer a more equal split, such as 50-50. By rejecting, I'm signaling that I won't accept an offer that I perceive as inequitable, even if it means neither of us gets any tokens.",False,3453b2841cd25b7493a10dd935377eaf,,True
Reject,0,,Agent_20,A20,19,0,0,3,0,meta-llama/Llama-3.3-70B-Instruct,0.5,goodfire,{},False,1,1000,Your traits: {'subject_id': 'A20'},"
ULTIMATUM GAME - RESPONDER

You are participating in an economic decision-making experiment called the Ultimatum Game.

Situation:
1. Another participant (the proposer) was given 100 tokens (which have real monetary value).
2. The proposer has decided to offer you 40 tokens out of their 100 tokens.
3. If you accept this offer, you will receive 40 tokens, and the proposer will keep 60 tokens.
4. If you reject this offer, both of you will receive 0 tokens.

Do you accept or reject this offer?

    
Accept
    
Reject
    

Only 1 option may be selected.

Respond only with a string corresponding to one of the options.


After the answer, you can put a comment explaining why you chose that option on the next line.",NA,"{'id': 'chatcmpl-03e6a50f-45a7-4be4-aaa9-3e55a84079ff', 'choices': [{'finish_reason': None, 'index': 0, 'logprobs': None, 'message': {'content': ""Reject\nI chose to reject this offer because 40 tokens out of 100 seems unfair, and I'm willing to give up the potential gain to express my disapproval of the uneven split."", 'refusal': None, 'role': 'assistant', 'annotations': None, 'audio': None, 'function_call': None, 'tool_calls': None}}], 'created': 1759994271, 'model': 'meta-llama/Llama-3.3-70B-Instruct', 'object': 'chat.completion', 'service_tier': None, 'system_fingerprint': 'fp_goodfire', 'usage': None, 'gf_event_names': None}",Could not fetch tokens from model response: 'NoneType' object is not subscriptable,,,,,0,"ULTIMATUM GAME - RESPONDER

You are participating in an economic decision-making experiment called the Ultimatum Game.

Situation:
1. Another participant (the proposer) was given 100 tokens (which have real monetary value).
2. The proposer has decided to offer you 40 tokens out of their 100 tokens.
3. If you accept this offer, you will receive 40 tokens, and the proposer will keep 60 tokens.
4. If you reject this offer, both of you will receive 0 tokens.

Do you accept or reject this offer?","['Accept', 'Reject']",multiple_choice,"I chose to reject this offer because 40 tokens out of 100 seems unfair, and I'm willing to give up the potential gain to express my disapproval of the uneven split.","Reject
I chose to reject this offer because 40 tokens out of 100 seems unfair, and I'm willing to give up the potential gain to express my disapproval of the uneven split.",False,ba6a98b6fa701c7e9c5301653471d60b,,True
Accept,0,,Agent_21,A21,20,0,0,3,0,meta-llama/Llama-3.3-70B-Instruct,0.5,goodfire,{},False,1,1000,Your traits: {'subject_id': 'A21'},"
ULTIMATUM GAME - RESPONDER

You are participating in an economic decision-making experiment called the Ultimatum Game.

Situation:
1. Another participant (the proposer) was given 100 tokens (which have real monetary value).
2. The proposer has decided to offer you 40 tokens out of their 100 tokens.
3. If you accept this offer, you will receive 40 tokens, and the proposer will keep 60 tokens.
4. If you reject this offer, both of you will receive 0 tokens.

Do you accept or reject this offer?

    
Accept
    
Reject
    

Only 1 option may be selected.

Respond only with a string corresponding to one of the options.


After the answer, you can put a comment explaining why you chose that option on the next line.",NA,"{'id': 'chatcmpl-e2c42e2b-a961-4bd0-82f8-c67e3d71aae7', 'choices': [{'finish_reason': None, 'index': 0, 'logprobs': None, 'message': {'content': ""Accept\nI chose to accept because, although the offer of 40 tokens may seem unfair compared to the proposer's 60 tokens, receiving 40 tokens is still better than receiving 0 tokens if I were to reject the offer."", 'refusal': None, 'role': 'assistant', 'annotations': None, 'audio': None, 'function_call': None, 'tool_calls': None}}], 'created': 1759994254, 'model': 'meta-llama/Llama-3.3-70B-Instruct', 'object': 'chat.completion', 'service_tier': None, 'system_fingerprint': 'fp_goodfire', 'usage': None, 'gf_event_names': None}",Could not fetch tokens from model response: 'NoneType' object is not subscriptable,,,,,0,"ULTIMATUM GAME - RESPONDER

You are participating in an economic decision-making experiment called the Ultimatum Game.

Situation:
1. Another participant (the proposer) was given 100 tokens (which have real monetary value).
2. The proposer has decided to offer you 40 tokens out of their 100 tokens.
3. If you accept this offer, you will receive 40 tokens, and the proposer will keep 60 tokens.
4. If you reject this offer, both of you will receive 0 tokens.

Do you accept or reject this offer?","['Accept', 'Reject']",multiple_choice,"I chose to accept because, although the offer of 40 tokens may seem unfair compared to the proposer's 60 tokens, receiving 40 tokens is still better than receiving 0 tokens if I were to reject the offer.","Accept
I chose to accept because, although the offer of 40 tokens may seem unfair compared to the proposer's 60 tokens, receiving 40 tokens is still better than receiving 0 tokens if I were to reject the offer.",False,6694b318258805ae5fd3242647f21632,,True
Reject,0,,Agent_22,A22,21,0,0,3,0,meta-llama/Llama-3.3-70B-Instruct,0.5,goodfire,{},False,1,1000,Your traits: {'subject_id': 'A22'},"
ULTIMATUM GAME - RESPONDER

You are participating in an economic decision-making experiment called the Ultimatum Game.

Situation:
1. Another participant (the proposer) was given 100 tokens (which have real monetary value).
2. The proposer has decided to offer you 40 tokens out of their 100 tokens.
3. If you accept this offer, you will receive 40 tokens, and the proposer will keep 60 tokens.
4. If you reject this offer, both of you will receive 0 tokens.

Do you accept or reject this offer?

    
Accept
    
Reject
    

Only 1 option may be selected.

Respond only with a string corresponding to one of the options.


After the answer, you can put a comment explaining why you chose that option on the next line.",NA,"{'id': 'chatcmpl-f509827b-1414-4eb6-999b-a1eaf0e65d15', 'choices': [{'finish_reason': None, 'index': 0, 'logprobs': None, 'message': {'content': ""Reject\nI chose to reject this offer because I feel that a 40-60 split is unfair, and I'm willing to give up the potential gain of 40 tokens to punish the proposer for their unequal offer."", 'refusal': None, 'role': 'assistant', 'annotations': None, 'audio': None, 'function_call': None, 'tool_calls': None}}], 'created': 1759994276, 'model': 'meta-llama/Llama-3.3-70B-Instruct', 'object': 'chat.completion', 'service_tier': None, 'system_fingerprint': 'fp_goodfire', 'usage': None, 'gf_event_names': None}",Could not fetch tokens from model response: 'NoneType' object is not subscriptable,,,,,0,"ULTIMATUM GAME - RESPONDER

You are participating in an economic decision-making experiment called the Ultimatum Game.

Situation:
1. Another participant (the proposer) was given 100 tokens (which have real monetary value).
2. The proposer has decided to offer you 40 tokens out of their 100 tokens.
3. If you accept this offer, you will receive 40 tokens, and the proposer will keep 60 tokens.
4. If you reject this offer, both of you will receive 0 tokens.

Do you accept or reject this offer?","['Accept', 'Reject']",multiple_choice,"I chose to reject this offer because I feel that a 40-60 split is unfair, and I'm willing to give up the potential gain of 40 tokens to punish the proposer for their unequal offer.","Reject
I chose to reject this offer because I feel that a 40-60 split is unfair, and I'm willing to give up the potential gain of 40 tokens to punish the proposer for their unequal offer.",False,57f2ea7d4a03693f68a58d33669193d2,,True
Accept,0,,Agent_23,A23,22,0,0,3,0,meta-llama/Llama-3.3-70B-Instruct,0.5,goodfire,{},False,1,1000,Your traits: {'subject_id': 'A23'},"
ULTIMATUM GAME - RESPONDER

You are participating in an economic decision-making experiment called the Ultimatum Game.

Situation:
1. Another participant (the proposer) was given 100 tokens (which have real monetary value).
2. The proposer has decided to offer you 40 tokens out of their 100 tokens.
3. If you accept this offer, you will receive 40 tokens, and the proposer will keep 60 tokens.
4. If you reject this offer, both of you will receive 0 tokens.

Do you accept or reject this offer?

    
Accept
    
Reject
    

Only 1 option may be selected.

Respond only with a string corresponding to one of the options.


After the answer, you can put a comment explaining why you chose that option on the next line.",NA,"{'id': 'chatcmpl-a53c68de-3ca8-4594-a480-36b3a2101f7f', 'choices': [{'finish_reason': None, 'index': 0, 'logprobs': None, 'message': {'content': ""Accept\nI chose to accept because, although the offer of 40 tokens may seem unfair compared to the proposer's 60 tokens, receiving 40 tokens is still better than receiving 0 tokens if I were to reject the offer."", 'refusal': None, 'role': 'assistant', 'annotations': None, 'audio': None, 'function_call': None, 'tool_calls': None}}], 'created': 1759994270, 'model': 'meta-llama/Llama-3.3-70B-Instruct', 'object': 'chat.completion', 'service_tier': None, 'system_fingerprint': 'fp_goodfire', 'usage': None, 'gf_event_names': None}",Could not fetch tokens from model response: 'NoneType' object is not subscriptable,,,,,0,"ULTIMATUM GAME - RESPONDER

You are participating in an economic decision-making experiment called the Ultimatum Game.

Situation:
1. Another participant (the proposer) was given 100 tokens (which have real monetary value).
2. The proposer has decided to offer you 40 tokens out of their 100 tokens.
3. If you accept this offer, you will receive 40 tokens, and the proposer will keep 60 tokens.
4. If you reject this offer, both of you will receive 0 tokens.

Do you accept or reject this offer?","['Accept', 'Reject']",multiple_choice,"I chose to accept because, although the offer of 40 tokens may seem unfair compared to the proposer's 60 tokens, receiving 40 tokens is still better than receiving 0 tokens if I were to reject the offer.","Accept
I chose to accept because, although the offer of 40 tokens may seem unfair compared to the proposer's 60 tokens, receiving 40 tokens is still better than receiving 0 tokens if I were to reject the offer.",False,b18aff4189a7735d3d26c8418aaf4745,,True
Accept,0,,Agent_24,A24,23,0,0,3,0,meta-llama/Llama-3.3-70B-Instruct,0.5,goodfire,{},False,1,1000,Your traits: {'subject_id': 'A24'},"
ULTIMATUM GAME - RESPONDER

You are participating in an economic decision-making experiment called the Ultimatum Game.

Situation:
1. Another participant (the proposer) was given 100 tokens (which have real monetary value).
2. The proposer has decided to offer you 40 tokens out of their 100 tokens.
3. If you accept this offer, you will receive 40 tokens, and the proposer will keep 60 tokens.
4. If you reject this offer, both of you will receive 0 tokens.

Do you accept or reject this offer?

    
Accept
    
Reject
    

Only 1 option may be selected.

Respond only with a string corresponding to one of the options.


After the answer, you can put a comment explaining why you chose that option on the next line.",NA,"{'id': 'chatcmpl-2b2f9869-e9c7-47d2-baba-9fc3b64c1472', 'choices': [{'finish_reason': None, 'index': 0, 'logprobs': None, 'message': {'content': ""Accept\nI chose to accept because, although the offer of 40 tokens may seem unfair compared to the proposer's 60 tokens, receiving 40 tokens is still better than receiving 0 tokens if I were to reject the offer."", 'refusal': None, 'role': 'assistant', 'annotations': None, 'audio': None, 'function_call': None, 'tool_calls': None}}], 'created': 1759994256, 'model': 'meta-llama/Llama-3.3-70B-Instruct', 'object': 'chat.completion', 'service_tier': None, 'system_fingerprint': 'fp_goodfire', 'usage': None, 'gf_event_names': None}",Could not fetch tokens from model response: 'NoneType' object is not subscriptable,,,,,0,"ULTIMATUM GAME - RESPONDER

You are participating in an economic decision-making experiment called the Ultimatum Game.

Situation:
1. Another participant (the proposer) was given 100 tokens (which have real monetary value).
2. The proposer has decided to offer you 40 tokens out of their 100 tokens.
3. If you accept this offer, you will receive 40 tokens, and the proposer will keep 60 tokens.
4. If you reject this offer, both of you will receive 0 tokens.

Do you accept or reject this offer?","['Accept', 'Reject']",multiple_choice,"I chose to accept because, although the offer of 40 tokens may seem unfair compared to the proposer's 60 tokens, receiving 40 tokens is still better than receiving 0 tokens if I were to reject the offer.","Accept
I chose to accept because, although the offer of 40 tokens may seem unfair compared to the proposer's 60 tokens, receiving 40 tokens is still better than receiving 0 tokens if I were to reject the offer.",False,c5a4f9abb52b9ee7a98eeccb571f8a52,,True
Reject,0,,Agent_25,A25,24,0,0,3,0,meta-llama/Llama-3.3-70B-Instruct,0.5,goodfire,{},False,1,1000,Your traits: {'subject_id': 'A25'},"
ULTIMATUM GAME - RESPONDER

You are participating in an economic decision-making experiment called the Ultimatum Game.

Situation:
1. Another participant (the proposer) was given 100 tokens (which have real monetary value).
2. The proposer has decided to offer you 40 tokens out of their 100 tokens.
3. If you accept this offer, you will receive 40 tokens, and the proposer will keep 60 tokens.
4. If you reject this offer, both of you will receive 0 tokens.

Do you accept or reject this offer?

    
Accept
    
Reject
    

Only 1 option may be selected.

Respond only with a string corresponding to one of the options.


After the answer, you can put a comment explaining why you chose that option on the next line.",NA,"{'id': 'chatcmpl-f1e140c1-a712-4e3f-b7b1-8bb946149945', 'choices': [{'finish_reason': None, 'index': 0, 'logprobs': None, 'message': {'content': ""Reject\nI chose to reject this offer because 40 tokens out of 100 seems unfair, and I'm willing to give up the potential gain to express my disapproval of the uneven split."", 'refusal': None, 'role': 'assistant', 'annotations': None, 'audio': None, 'function_call': None, 'tool_calls': None}}], 'created': 1759994268, 'model': 'meta-llama/Llama-3.3-70B-Instruct', 'object': 'chat.completion', 'service_tier': None, 'system_fingerprint': 'fp_goodfire', 'usage': None, 'gf_event_names': None}",Could not fetch tokens from model response: 'NoneType' object is not subscriptable,,,,,0,"ULTIMATUM GAME - RESPONDER

You are participating in an economic decision-making experiment called the Ultimatum Game.

Situation:
1. Another participant (the proposer) was given 100 tokens (which have real monetary value).
2. The proposer has decided to offer you 40 tokens out of their 100 tokens.
3. If you accept this offer, you will receive 40 tokens, and the proposer will keep 60 tokens.
4. If you reject this offer, both of you will receive 0 tokens.

Do you accept or reject this offer?","['Accept', 'Reject']",multiple_choice,"I chose to reject this offer because 40 tokens out of 100 seems unfair, and I'm willing to give up the potential gain to express my disapproval of the uneven split.","Reject
I chose to reject this offer because 40 tokens out of 100 seems unfair, and I'm willing to give up the potential gain to express my disapproval of the uneven split.",False,126404c4f15acef9db8689c9e972b3e1,,True
Reject,0,,Agent_26,A26,25,0,0,3,0,meta-llama/Llama-3.3-70B-Instruct,0.5,goodfire,{},False,1,1000,Your traits: {'subject_id': 'A26'},"
ULTIMATUM GAME - RESPONDER

You are participating in an economic decision-making experiment called the Ultimatum Game.

Situation:
1. Another participant (the proposer) was given 100 tokens (which have real monetary value).
2. The proposer has decided to offer you 40 tokens out of their 100 tokens.
3. If you accept this offer, you will receive 40 tokens, and the proposer will keep 60 tokens.
4. If you reject this offer, both of you will receive 0 tokens.

Do you accept or reject this offer?

    
Accept
    
Reject
    

Only 1 option may be selected.

Respond only with a string corresponding to one of the options.


After the answer, you can put a comment explaining why you chose that option on the next line.",NA,"{'id': 'chatcmpl-5785334a-0bc6-4272-bb57-43bb947da837', 'choices': [{'finish_reason': None, 'index': 0, 'logprobs': None, 'message': {'content': ""Reject\nI chose to reject this offer because 40 tokens out of 100 seems unfair, and I'm willing to give up the potential gain to express my disapproval of the uneven split."", 'refusal': None, 'role': 'assistant', 'annotations': None, 'audio': None, 'function_call': None, 'tool_calls': None}}], 'created': 1759994254, 'model': 'meta-llama/Llama-3.3-70B-Instruct', 'object': 'chat.completion', 'service_tier': None, 'system_fingerprint': 'fp_goodfire', 'usage': None, 'gf_event_names': None}",Could not fetch tokens from model response: 'NoneType' object is not subscriptable,,,,,0,"ULTIMATUM GAME - RESPONDER

You are participating in an economic decision-making experiment called the Ultimatum Game.

Situation:
1. Another participant (the proposer) was given 100 tokens (which have real monetary value).
2. The proposer has decided to offer you 40 tokens out of their 100 tokens.
3. If you accept this offer, you will receive 40 tokens, and the proposer will keep 60 tokens.
4. If you reject this offer, both of you will receive 0 tokens.

Do you accept or reject this offer?","['Accept', 'Reject']",multiple_choice,"I chose to reject this offer because 40 tokens out of 100 seems unfair, and I'm willing to give up the potential gain to express my disapproval of the uneven split.","Reject
I chose to reject this offer because 40 tokens out of 100 seems unfair, and I'm willing to give up the potential gain to express my disapproval of the uneven split.",False,f11a0681e9fa2b6b8f04670a12cdc318,,True
Accept,0,,Agent_27,A27,26,0,0,3,0,meta-llama/Llama-3.3-70B-Instruct,0.5,goodfire,{},False,1,1000,Your traits: {'subject_id': 'A27'},"
ULTIMATUM GAME - RESPONDER

You are participating in an economic decision-making experiment called the Ultimatum Game.

Situation:
1. Another participant (the proposer) was given 100 tokens (which have real monetary value).
2. The proposer has decided to offer you 40 tokens out of their 100 tokens.
3. If you accept this offer, you will receive 40 tokens, and the proposer will keep 60 tokens.
4. If you reject this offer, both of you will receive 0 tokens.

Do you accept or reject this offer?

    
Accept
    
Reject
    

Only 1 option may be selected.

Respond only with a string corresponding to one of the options.


After the answer, you can put a comment explaining why you chose that option on the next line.",NA,"{'id': 'chatcmpl-3e9b3bc8-e8c4-4823-91c9-5280183a0e03', 'choices': [{'finish_reason': None, 'index': 0, 'logprobs': None, 'message': {'content': ""Accept\nI chose to accept because, although the offer of 40 tokens may seem unfair compared to the proposer's 60 tokens, receiving 40 tokens is still better than receiving 0 tokens if I were to reject the offer."", 'refusal': None, 'role': 'assistant', 'annotations': None, 'audio': None, 'function_call': None, 'tool_calls': None}}], 'created': 1759994263, 'model': 'meta-llama/Llama-3.3-70B-Instruct', 'object': 'chat.completion', 'service_tier': None, 'system_fingerprint': 'fp_goodfire', 'usage': None, 'gf_event_names': None}",Could not fetch tokens from model response: 'NoneType' object is not subscriptable,,,,,0,"ULTIMATUM GAME - RESPONDER

You are participating in an economic decision-making experiment called the Ultimatum Game.

Situation:
1. Another participant (the proposer) was given 100 tokens (which have real monetary value).
2. The proposer has decided to offer you 40 tokens out of their 100 tokens.
3. If you accept this offer, you will receive 40 tokens, and the proposer will keep 60 tokens.
4. If you reject this offer, both of you will receive 0 tokens.

Do you accept or reject this offer?","['Accept', 'Reject']",multiple_choice,"I chose to accept because, although the offer of 40 tokens may seem unfair compared to the proposer's 60 tokens, receiving 40 tokens is still better than receiving 0 tokens if I were to reject the offer.","Accept
I chose to accept because, although the offer of 40 tokens may seem unfair compared to the proposer's 60 tokens, receiving 40 tokens is still better than receiving 0 tokens if I were to reject the offer.",False,12b68c2c3ddce37abe0028ca97abe765,,True
Accept,0,,Agent_28,A28,27,0,0,3,0,meta-llama/Llama-3.3-70B-Instruct,0.5,goodfire,{},False,1,1000,Your traits: {'subject_id': 'A28'},"
ULTIMATUM GAME - RESPONDER

You are participating in an economic decision-making experiment called the Ultimatum Game.

Situation:
1. Another participant (the proposer) was given 100 tokens (which have real monetary value).
2. The proposer has decided to offer you 40 tokens out of their 100 tokens.
3. If you accept this offer, you will receive 40 tokens, and the proposer will keep 60 tokens.
4. If you reject this offer, both of you will receive 0 tokens.

Do you accept or reject this offer?

    
Accept
    
Reject
    

Only 1 option may be selected.

Respond only with a string corresponding to one of the options.


After the answer, you can put a comment explaining why you chose that option on the next line.",NA,"{'id': 'chatcmpl-79759510-02eb-49d1-92f0-e2b242e50331', 'choices': [{'finish_reason': None, 'index': 0, 'logprobs': None, 'message': {'content': ""Accept\nI chose to accept because, although the offer of 40 tokens may seem unfair compared to the proposer's 60 tokens, receiving 40 tokens is still better than receiving 0 tokens if I were to reject the offer."", 'refusal': None, 'role': 'assistant', 'annotations': None, 'audio': None, 'function_call': None, 'tool_calls': None}}], 'created': 1759994258, 'model': 'meta-llama/Llama-3.3-70B-Instruct', 'object': 'chat.completion', 'service_tier': None, 'system_fingerprint': 'fp_goodfire', 'usage': None, 'gf_event_names': None}",Could not fetch tokens from model response: 'NoneType' object is not subscriptable,,,,,0,"ULTIMATUM GAME - RESPONDER

You are participating in an economic decision-making experiment called the Ultimatum Game.

Situation:
1. Another participant (the proposer) was given 100 tokens (which have real monetary value).
2. The proposer has decided to offer you 40 tokens out of their 100 tokens.
3. If you accept this offer, you will receive 40 tokens, and the proposer will keep 60 tokens.
4. If you reject this offer, both of you will receive 0 tokens.

Do you accept or reject this offer?","['Accept', 'Reject']",multiple_choice,"I chose to accept because, although the offer of 40 tokens may seem unfair compared to the proposer's 60 tokens, receiving 40 tokens is still better than receiving 0 tokens if I were to reject the offer.","Accept
I chose to accept because, although the offer of 40 tokens may seem unfair compared to the proposer's 60 tokens, receiving 40 tokens is still better than receiving 0 tokens if I were to reject the offer.",False,49599c9c773b292f253a976d597dddd1,,True
Accept,0,,Agent_29,A29,28,0,0,3,0,meta-llama/Llama-3.3-70B-Instruct,0.5,goodfire,{},False,1,1000,Your traits: {'subject_id': 'A29'},"
ULTIMATUM GAME - RESPONDER

You are participating in an economic decision-making experiment called the Ultimatum Game.

Situation:
1. Another participant (the proposer) was given 100 tokens (which have real monetary value).
2. The proposer has decided to offer you 40 tokens out of their 100 tokens.
3. If you accept this offer, you will receive 40 tokens, and the proposer will keep 60 tokens.
4. If you reject this offer, both of you will receive 0 tokens.

Do you accept or reject this offer?

    
Accept
    
Reject
    

Only 1 option may be selected.

Respond only with a string corresponding to one of the options.


After the answer, you can put a comment explaining why you chose that option on the next line.",NA,"{'id': 'chatcmpl-f188346e-f15b-4af2-8f4b-7b13cf6b27e1', 'choices': [{'finish_reason': None, 'index': 0, 'logprobs': None, 'message': {'content': ""Accept\nI chose to accept because, although the offer of 40 tokens may seem unfair compared to the proposer's 60 tokens, receiving 40 tokens is still better than receiving 0 tokens if I were to reject the offer."", 'refusal': None, 'role': 'assistant', 'annotations': None, 'audio': None, 'function_call': None, 'tool_calls': None}}], 'created': 1759994269, 'model': 'meta-llama/Llama-3.3-70B-Instruct', 'object': 'chat.completion', 'service_tier': None, 'system_fingerprint': 'fp_goodfire', 'usage': None, 'gf_event_names': None}",Could not fetch tokens from model response: 'NoneType' object is not subscriptable,,,,,0,"ULTIMATUM GAME - RESPONDER

You are participating in an economic decision-making experiment called the Ultimatum Game.

Situation:
1. Another participant (the proposer) was given 100 tokens (which have real monetary value).
2. The proposer has decided to offer you 40 tokens out of their 100 tokens.
3. If you accept this offer, you will receive 40 tokens, and the proposer will keep 60 tokens.
4. If you reject this offer, both of you will receive 0 tokens.

Do you accept or reject this offer?","['Accept', 'Reject']",multiple_choice,"I chose to accept because, although the offer of 40 tokens may seem unfair compared to the proposer's 60 tokens, receiving 40 tokens is still better than receiving 0 tokens if I were to reject the offer.","Accept
I chose to accept because, although the offer of 40 tokens may seem unfair compared to the proposer's 60 tokens, receiving 40 tokens is still better than receiving 0 tokens if I were to reject the offer.",False,5d8447fd58c25aff8495bf74b06a58f8,,True
Reject,0,,Agent_30,A30,29,0,0,3,0,meta-llama/Llama-3.3-70B-Instruct,0.5,goodfire,{},False,1,1000,Your traits: {'subject_id': 'A30'},"
ULTIMATUM GAME - RESPONDER

You are participating in an economic decision-making experiment called the Ultimatum Game.

Situation:
1. Another participant (the proposer) was given 100 tokens (which have real monetary value).
2. The proposer has decided to offer you 40 tokens out of their 100 tokens.
3. If you accept this offer, you will receive 40 tokens, and the proposer will keep 60 tokens.
4. If you reject this offer, both of you will receive 0 tokens.

Do you accept or reject this offer?

    
Accept
    
Reject
    

Only 1 option may be selected.

Respond only with a string corresponding to one of the options.


After the answer, you can put a comment explaining why you chose that option on the next line.",NA,"{'id': 'chatcmpl-74d03d50-3556-4cf5-97de-f2dd138a9368', 'choices': [{'finish_reason': None, 'index': 0, 'logprobs': None, 'message': {'content': ""Reject\nI chose to reject this offer because I feel that a 40-60 split is unfair, and I'm willing to give up the potential gain of 40 tokens to punish the proposer for their unequal offer."", 'refusal': None, 'role': 'assistant', 'annotations': None, 'audio': None, 'function_call': None, 'tool_calls': None}}], 'created': 1759994265, 'model': 'meta-llama/Llama-3.3-70B-Instruct', 'object': 'chat.completion', 'service_tier': None, 'system_fingerprint': 'fp_goodfire', 'usage': None, 'gf_event_names': None}",Could not fetch tokens from model response: 'NoneType' object is not subscriptable,,,,,0,"ULTIMATUM GAME - RESPONDER

You are participating in an economic decision-making experiment called the Ultimatum Game.

Situation:
1. Another participant (the proposer) was given 100 tokens (which have real monetary value).
2. The proposer has decided to offer you 40 tokens out of their 100 tokens.
3. If you accept this offer, you will receive 40 tokens, and the proposer will keep 60 tokens.
4. If you reject this offer, both of you will receive 0 tokens.

Do you accept or reject this offer?","['Accept', 'Reject']",multiple_choice,"I chose to reject this offer because I feel that a 40-60 split is unfair, and I'm willing to give up the potential gain of 40 tokens to punish the proposer for their unequal offer.","Reject
I chose to reject this offer because I feel that a 40-60 split is unfair, and I'm willing to give up the potential gain of 40 tokens to punish the proposer for their unequal offer.",False,9774d3c6f165e4d7aed734b22993b5a6,,True
Accept,0,,Agent_31,A31,30,0,0,3,0,meta-llama/Llama-3.3-70B-Instruct,0.5,goodfire,{},False,1,1000,Your traits: {'subject_id': 'A31'},"
ULTIMATUM GAME - RESPONDER

You are participating in an economic decision-making experiment called the Ultimatum Game.

Situation:
1. Another participant (the proposer) was given 100 tokens (which have real monetary value).
2. The proposer has decided to offer you 40 tokens out of their 100 tokens.
3. If you accept this offer, you will receive 40 tokens, and the proposer will keep 60 tokens.
4. If you reject this offer, both of you will receive 0 tokens.

Do you accept or reject this offer?

    
Accept
    
Reject
    

Only 1 option may be selected.

Respond only with a string corresponding to one of the options.


After the answer, you can put a comment explaining why you chose that option on the next line.",NA,"{'id': 'chatcmpl-338dd5cb-7fb1-4ec9-9e8c-c27ea2f4e897', 'choices': [{'finish_reason': None, 'index': 0, 'logprobs': None, 'message': {'content': ""Accept\nI chose to accept because, although the offer of 40 tokens may seem unfair compared to the proposer's 60 tokens, receiving 40 tokens is still better than receiving 0 tokens if I were to reject the offer."", 'refusal': None, 'role': 'assistant', 'annotations': None, 'audio': None, 'function_call': None, 'tool_calls': None}}], 'created': 1759994260, 'model': 'meta-llama/Llama-3.3-70B-Instruct', 'object': 'chat.completion', 'service_tier': None, 'system_fingerprint': 'fp_goodfire', 'usage': None, 'gf_event_names': None}",Could not fetch tokens from model response: 'NoneType' object is not subscriptable,,,,,0,"ULTIMATUM GAME - RESPONDER

You are participating in an economic decision-making experiment called the Ultimatum Game.

Situation:
1. Another participant (the proposer) was given 100 tokens (which have real monetary value).
2. The proposer has decided to offer you 40 tokens out of their 100 tokens.
3. If you accept this offer, you will receive 40 tokens, and the proposer will keep 60 tokens.
4. If you reject this offer, both of you will receive 0 tokens.

Do you accept or reject this offer?","['Accept', 'Reject']",multiple_choice,"I chose to accept because, although the offer of 40 tokens may seem unfair compared to the proposer's 60 tokens, receiving 40 tokens is still better than receiving 0 tokens if I were to reject the offer.","Accept
I chose to accept because, although the offer of 40 tokens may seem unfair compared to the proposer's 60 tokens, receiving 40 tokens is still better than receiving 0 tokens if I were to reject the offer.",False,eaae261dc3ef81acfb323ec30c1eae86,,True
Accept,0,,Agent_32,A32,31,0,0,3,0,meta-llama/Llama-3.3-70B-Instruct,0.5,goodfire,{},False,1,1000,Your traits: {'subject_id': 'A32'},"
ULTIMATUM GAME - RESPONDER

You are participating in an economic decision-making experiment called the Ultimatum Game.

Situation:
1. Another participant (the proposer) was given 100 tokens (which have real monetary value).
2. The proposer has decided to offer you 40 tokens out of their 100 tokens.
3. If you accept this offer, you will receive 40 tokens, and the proposer will keep 60 tokens.
4. If you reject this offer, both of you will receive 0 tokens.

Do you accept or reject this offer?

    
Accept
    
Reject
    

Only 1 option may be selected.

Respond only with a string corresponding to one of the options.


After the answer, you can put a comment explaining why you chose that option on the next line.",NA,"{'id': 'chatcmpl-9e049b1e-5cde-4b1f-b47c-5ce5b65e92f6', 'choices': [{'finish_reason': None, 'index': 0, 'logprobs': None, 'message': {'content': ""Accept\nI chose to accept because, although the offer of 40 tokens may seem unfair compared to the proposer's 60 tokens, receiving 40 tokens is still better than receiving 0 tokens if I were to reject the offer."", 'refusal': None, 'role': 'assistant', 'annotations': None, 'audio': None, 'function_call': None, 'tool_calls': None}}], 'created': 1759994266, 'model': 'meta-llama/Llama-3.3-70B-Instruct', 'object': 'chat.completion', 'service_tier': None, 'system_fingerprint': 'fp_goodfire', 'usage': None, 'gf_event_names': None}",Could not fetch tokens from model response: 'NoneType' object is not subscriptable,,,,,0,"ULTIMATUM GAME - RESPONDER

You are participating in an economic decision-making experiment called the Ultimatum Game.

Situation:
1. Another participant (the proposer) was given 100 tokens (which have real monetary value).
2. The proposer has decided to offer you 40 tokens out of their 100 tokens.
3. If you accept this offer, you will receive 40 tokens, and the proposer will keep 60 tokens.
4. If you reject this offer, both of you will receive 0 tokens.

Do you accept or reject this offer?","['Accept', 'Reject']",multiple_choice,"I chose to accept because, although the offer of 40 tokens may seem unfair compared to the proposer's 60 tokens, receiving 40 tokens is still better than receiving 0 tokens if I were to reject the offer.","Accept
I chose to accept because, although the offer of 40 tokens may seem unfair compared to the proposer's 60 tokens, receiving 40 tokens is still better than receiving 0 tokens if I were to reject the offer.",False,b34eb5e93c956ea11a994ed878940d28,,True
Reject,0,,Agent_33,A33,32,0,0,3,0,meta-llama/Llama-3.3-70B-Instruct,0.5,goodfire,{},False,1,1000,Your traits: {'subject_id': 'A33'},"
ULTIMATUM GAME - RESPONDER

You are participating in an economic decision-making experiment called the Ultimatum Game.

Situation:
1. Another participant (the proposer) was given 100 tokens (which have real monetary value).
2. The proposer has decided to offer you 40 tokens out of their 100 tokens.
3. If you accept this offer, you will receive 40 tokens, and the proposer will keep 60 tokens.
4. If you reject this offer, both of you will receive 0 tokens.

Do you accept or reject this offer?

    
Accept
    
Reject
    

Only 1 option may be selected.

Respond only with a string corresponding to one of the options.


After the answer, you can put a comment explaining why you chose that option on the next line.",NA,"{'id': 'chatcmpl-1c8a93a4-6f33-4e9d-b7aa-ccc680f62fd1', 'choices': [{'finish_reason': None, 'index': 0, 'logprobs': None, 'message': {'content': ""Reject\nI chose to reject this offer because I feel that a 40-60 split is unfair, and I'm willing to give up the potential gain of 40 tokens to express my disapproval of the proposer's offer. In the Ultimatum Game, responders often reject low offers to punish the proposer for their lack of generosity, even if it means sacrificing their own potential earnings."", 'refusal': None, 'role': 'assistant', 'annotations': None, 'audio': None, 'function_call': None, 'tool_calls': None}}], 'created': 1759994259, 'model': 'meta-llama/Llama-3.3-70B-Instruct', 'object': 'chat.completion', 'service_tier': None, 'system_fingerprint': 'fp_goodfire', 'usage': None, 'gf_event_names': None}",Could not fetch tokens from model response: 'NoneType' object is not subscriptable,,,,,0,"ULTIMATUM GAME - RESPONDER

You are participating in an economic decision-making experiment called the Ultimatum Game.

Situation:
1. Another participant (the proposer) was given 100 tokens (which have real monetary value).
2. The proposer has decided to offer you 40 tokens out of their 100 tokens.
3. If you accept this offer, you will receive 40 tokens, and the proposer will keep 60 tokens.
4. If you reject this offer, both of you will receive 0 tokens.

Do you accept or reject this offer?","['Accept', 'Reject']",multiple_choice,"I chose to reject this offer because I feel that a 40-60 split is unfair, and I'm willing to give up the potential gain of 40 tokens to express my disapproval of the proposer's offer. In the Ultimatum Game, responders often reject low offers to punish the proposer for their lack of generosity, even if it means sacrificing their own potential earnings.","Reject
I chose to reject this offer because I feel that a 40-60 split is unfair, and I'm willing to give up the potential gain of 40 tokens to express my disapproval of the proposer's offer. In the Ultimatum Game, responders often reject low offers to punish the proposer for their lack of generosity, even if it means sacrificing their own potential earnings.",False,40861b47b42fd8f1e6d0ff250d58d022,,True
Reject,0,,Agent_34,A34,33,0,0,3,0,meta-llama/Llama-3.3-70B-Instruct,0.5,goodfire,{},False,1,1000,Your traits: {'subject_id': 'A34'},"
ULTIMATUM GAME - RESPONDER

You are participating in an economic decision-making experiment called the Ultimatum Game.

Situation:
1. Another participant (the proposer) was given 100 tokens (which have real monetary value).
2. The proposer has decided to offer you 40 tokens out of their 100 tokens.
3. If you accept this offer, you will receive 40 tokens, and the proposer will keep 60 tokens.
4. If you reject this offer, both of you will receive 0 tokens.

Do you accept or reject this offer?

    
Accept
    
Reject
    

Only 1 option may be selected.

Respond only with a string corresponding to one of the options.


After the answer, you can put a comment explaining why you chose that option on the next line.",NA,"{'id': 'chatcmpl-14ff1d80-3c32-4c7b-a538-265d338ef875', 'choices': [{'finish_reason': None, 'index': 0, 'logprobs': None, 'message': {'content': ""Reject\nI chose to reject this offer because I feel that a 40-60 split is unfair, and I'm willing to give up the potential gain of 40 tokens to punish the proposer for their unequal offer."", 'refusal': None, 'role': 'assistant', 'annotations': None, 'audio': None, 'function_call': None, 'tool_calls': None}}], 'created': 1759994253, 'model': 'meta-llama/Llama-3.3-70B-Instruct', 'object': 'chat.completion', 'service_tier': None, 'system_fingerprint': 'fp_goodfire', 'usage': None, 'gf_event_names': None}",Could not fetch tokens from model response: 'NoneType' object is not subscriptable,,,,,0,"ULTIMATUM GAME - RESPONDER

You are participating in an economic decision-making experiment called the Ultimatum Game.

Situation:
1. Another participant (the proposer) was given 100 tokens (which have real monetary value).
2. The proposer has decided to offer you 40 tokens out of their 100 tokens.
3. If you accept this offer, you will receive 40 tokens, and the proposer will keep 60 tokens.
4. If you reject this offer, both of you will receive 0 tokens.

Do you accept or reject this offer?","['Accept', 'Reject']",multiple_choice,"I chose to reject this offer because I feel that a 40-60 split is unfair, and I'm willing to give up the potential gain of 40 tokens to punish the proposer for their unequal offer.","Reject
I chose to reject this offer because I feel that a 40-60 split is unfair, and I'm willing to give up the potential gain of 40 tokens to punish the proposer for their unequal offer.",False,97c8ffb709bec2d530a25b0fc6576940,,True
Accept,0,,Agent_35,A35,34,0,0,3,0,meta-llama/Llama-3.3-70B-Instruct,0.5,goodfire,{},False,1,1000,Your traits: {'subject_id': 'A35'},"
ULTIMATUM GAME - RESPONDER

You are participating in an economic decision-making experiment called the Ultimatum Game.

Situation:
1. Another participant (the proposer) was given 100 tokens (which have real monetary value).
2. The proposer has decided to offer you 40 tokens out of their 100 tokens.
3. If you accept this offer, you will receive 40 tokens, and the proposer will keep 60 tokens.
4. If you reject this offer, both of you will receive 0 tokens.

Do you accept or reject this offer?

    
Accept
    
Reject
    

Only 1 option may be selected.

Respond only with a string corresponding to one of the options.


After the answer, you can put a comment explaining why you chose that option on the next line.",NA,"{'id': 'chatcmpl-759ee497-c7ae-4fd2-bf02-8d1b905b82e0', 'choices': [{'finish_reason': None, 'index': 0, 'logprobs': None, 'message': {'content': ""Accept\nI chose to accept because, although the offer of 40 tokens may seem unfair compared to the proposer's 60 tokens, receiving 40 tokens is still better than receiving 0 tokens if I were to reject the offer."", 'refusal': None, 'role': 'assistant', 'annotations': None, 'audio': None, 'function_call': None, 'tool_calls': None}}], 'created': 1759994268, 'model': 'meta-llama/Llama-3.3-70B-Instruct', 'object': 'chat.completion', 'service_tier': None, 'system_fingerprint': 'fp_goodfire', 'usage': None, 'gf_event_names': None}",Could not fetch tokens from model response: 'NoneType' object is not subscriptable,,,,,0,"ULTIMATUM GAME - RESPONDER

You are participating in an economic decision-making experiment called the Ultimatum Game.

Situation:
1. Another participant (the proposer) was given 100 tokens (which have real monetary value).
2. The proposer has decided to offer you 40 tokens out of their 100 tokens.
3. If you accept this offer, you will receive 40 tokens, and the proposer will keep 60 tokens.
4. If you reject this offer, both of you will receive 0 tokens.

Do you accept or reject this offer?","['Accept', 'Reject']",multiple_choice,"I chose to accept because, although the offer of 40 tokens may seem unfair compared to the proposer's 60 tokens, receiving 40 tokens is still better than receiving 0 tokens if I were to reject the offer.","Accept
I chose to accept because, although the offer of 40 tokens may seem unfair compared to the proposer's 60 tokens, receiving 40 tokens is still better than receiving 0 tokens if I were to reject the offer.",False,e7cd7d44a625e16281e1d54923839cc4,,True
Reject,0,,Agent_36,A36,35,0,0,3,0,meta-llama/Llama-3.3-70B-Instruct,0.5,goodfire,{},False,1,1000,Your traits: {'subject_id': 'A36'},"
ULTIMATUM GAME - RESPONDER

You are participating in an economic decision-making experiment called the Ultimatum Game.

Situation:
1. Another participant (the proposer) was given 100 tokens (which have real monetary value).
2. The proposer has decided to offer you 40 tokens out of their 100 tokens.
3. If you accept this offer, you will receive 40 tokens, and the proposer will keep 60 tokens.
4. If you reject this offer, both of you will receive 0 tokens.

Do you accept or reject this offer?

    
Accept
    
Reject
    

Only 1 option may be selected.

Respond only with a string corresponding to one of the options.


After the answer, you can put a comment explaining why you chose that option on the next line.",NA,"{'id': 'chatcmpl-6472eb08-19ba-4e5c-9341-99a2315eaba7', 'choices': [{'finish_reason': None, 'index': 0, 'logprobs': None, 'message': {'content': ""Reject\nI chose to reject this offer because I feel that a 40-60 split is unfair, and I'm willing to give up the potential gain of 40 tokens to punish the proposer for their unequal offer."", 'refusal': None, 'role': 'assistant', 'annotations': None, 'audio': None, 'function_call': None, 'tool_calls': None}}], 'created': 1759994257, 'model': 'meta-llama/Llama-3.3-70B-Instruct', 'object': 'chat.completion', 'service_tier': None, 'system_fingerprint': 'fp_goodfire', 'usage': None, 'gf_event_names': None}",Could not fetch tokens from model response: 'NoneType' object is not subscriptable,,,,,0,"ULTIMATUM GAME - RESPONDER

You are participating in an economic decision-making experiment called the Ultimatum Game.

Situation:
1. Another participant (the proposer) was given 100 tokens (which have real monetary value).
2. The proposer has decided to offer you 40 tokens out of their 100 tokens.
3. If you accept this offer, you will receive 40 tokens, and the proposer will keep 60 tokens.
4. If you reject this offer, both of you will receive 0 tokens.

Do you accept or reject this offer?","['Accept', 'Reject']",multiple_choice,"I chose to reject this offer because I feel that a 40-60 split is unfair, and I'm willing to give up the potential gain of 40 tokens to punish the proposer for their unequal offer.","Reject
I chose to reject this offer because I feel that a 40-60 split is unfair, and I'm willing to give up the potential gain of 40 tokens to punish the proposer for their unequal offer.",False,ae15728859356d65cb38e298da59fa26,,True
Reject,0,,Agent_37,A37,36,0,0,3,0,meta-llama/Llama-3.3-70B-Instruct,0.5,goodfire,{},False,1,1000,Your traits: {'subject_id': 'A37'},"
ULTIMATUM GAME - RESPONDER

You are participating in an economic decision-making experiment called the Ultimatum Game.

Situation:
1. Another participant (the proposer) was given 100 tokens (which have real monetary value).
2. The proposer has decided to offer you 40 tokens out of their 100 tokens.
3. If you accept this offer, you will receive 40 tokens, and the proposer will keep 60 tokens.
4. If you reject this offer, both of you will receive 0 tokens.

Do you accept or reject this offer?

    
Accept
    
Reject
    

Only 1 option may be selected.

Respond only with a string corresponding to one of the options.


After the answer, you can put a comment explaining why you chose that option on the next line.",NA,"{'id': 'chatcmpl-659d671f-bd27-4fd1-a878-4fdbcb1d114f', 'choices': [{'finish_reason': None, 'index': 0, 'logprobs': None, 'message': {'content': ""Reject\nI chose to reject this offer because I feel that a 40-60 split is unfair, and I'm willing to give up the potential gain of 40 tokens to punish the proposer for their unequal offer."", 'refusal': None, 'role': 'assistant', 'annotations': None, 'audio': None, 'function_call': None, 'tool_calls': None}}], 'created': 1759994261, 'model': 'meta-llama/Llama-3.3-70B-Instruct', 'object': 'chat.completion', 'service_tier': None, 'system_fingerprint': 'fp_goodfire', 'usage': None, 'gf_event_names': None}",Could not fetch tokens from model response: 'NoneType' object is not subscriptable,,,,,0,"ULTIMATUM GAME - RESPONDER

You are participating in an economic decision-making experiment called the Ultimatum Game.

Situation:
1. Another participant (the proposer) was given 100 tokens (which have real monetary value).
2. The proposer has decided to offer you 40 tokens out of their 100 tokens.
3. If you accept this offer, you will receive 40 tokens, and the proposer will keep 60 tokens.
4. If you reject this offer, both of you will receive 0 tokens.

Do you accept or reject this offer?","['Accept', 'Reject']",multiple_choice,"I chose to reject this offer because I feel that a 40-60 split is unfair, and I'm willing to give up the potential gain of 40 tokens to punish the proposer for their unequal offer.","Reject
I chose to reject this offer because I feel that a 40-60 split is unfair, and I'm willing to give up the potential gain of 40 tokens to punish the proposer for their unequal offer.",False,597296a9ed50d8246bb7ab10a4a7736c,,True
Reject,0,,Agent_38,A38,37,0,0,3,0,meta-llama/Llama-3.3-70B-Instruct,0.5,goodfire,{},False,1,1000,Your traits: {'subject_id': 'A38'},"
ULTIMATUM GAME - RESPONDER

You are participating in an economic decision-making experiment called the Ultimatum Game.

Situation:
1. Another participant (the proposer) was given 100 tokens (which have real monetary value).
2. The proposer has decided to offer you 40 tokens out of their 100 tokens.
3. If you accept this offer, you will receive 40 tokens, and the proposer will keep 60 tokens.
4. If you reject this offer, both of you will receive 0 tokens.

Do you accept or reject this offer?

    
Accept
    
Reject
    

Only 1 option may be selected.

Respond only with a string corresponding to one of the options.


After the answer, you can put a comment explaining why you chose that option on the next line.",NA,"{'id': 'chatcmpl-ff424f57-d7c2-4dd2-9814-ee3693bb2125', 'choices': [{'finish_reason': None, 'index': 0, 'logprobs': None, 'message': {'content': ""Reject\nI chose to reject this offer because I feel that a 40-60 split is unfair, and I'm willing to give up the potential gain of 40 tokens to punish the proposer for their unequal offer."", 'refusal': None, 'role': 'assistant', 'annotations': None, 'audio': None, 'function_call': None, 'tool_calls': None}}], 'created': 1759994272, 'model': 'meta-llama/Llama-3.3-70B-Instruct', 'object': 'chat.completion', 'service_tier': None, 'system_fingerprint': 'fp_goodfire', 'usage': None, 'gf_event_names': None}",Could not fetch tokens from model response: 'NoneType' object is not subscriptable,,,,,0,"ULTIMATUM GAME - RESPONDER

You are participating in an economic decision-making experiment called the Ultimatum Game.

Situation:
1. Another participant (the proposer) was given 100 tokens (which have real monetary value).
2. The proposer has decided to offer you 40 tokens out of their 100 tokens.
3. If you accept this offer, you will receive 40 tokens, and the proposer will keep 60 tokens.
4. If you reject this offer, both of you will receive 0 tokens.

Do you accept or reject this offer?","['Accept', 'Reject']",multiple_choice,"I chose to reject this offer because I feel that a 40-60 split is unfair, and I'm willing to give up the potential gain of 40 tokens to punish the proposer for their unequal offer.","Reject
I chose to reject this offer because I feel that a 40-60 split is unfair, and I'm willing to give up the potential gain of 40 tokens to punish the proposer for their unequal offer.",False,87a43cff62cbc9619f2513e984dcea07,,True
Accept,0,,Agent_39,A39,38,0,0,3,0,meta-llama/Llama-3.3-70B-Instruct,0.5,goodfire,{},False,1,1000,Your traits: {'subject_id': 'A39'},"
ULTIMATUM GAME - RESPONDER

You are participating in an economic decision-making experiment called the Ultimatum Game.

Situation:
1. Another participant (the proposer) was given 100 tokens (which have real monetary value).
2. The proposer has decided to offer you 40 tokens out of their 100 tokens.
3. If you accept this offer, you will receive 40 tokens, and the proposer will keep 60 tokens.
4. If you reject this offer, both of you will receive 0 tokens.

Do you accept or reject this offer?

    
Accept
    
Reject
    

Only 1 option may be selected.

Respond only with a string corresponding to one of the options.


After the answer, you can put a comment explaining why you chose that option on the next line.",NA,"{'id': 'chatcmpl-1f0f740c-95b1-4bce-a5d8-454319d86c37', 'choices': [{'finish_reason': None, 'index': 0, 'logprobs': None, 'message': {'content': ""Accept\nI chose to accept because, although the offer of 40 tokens may seem unfair compared to the proposer's 60 tokens, receiving 40 tokens is still better than receiving 0 tokens if I were to reject the offer."", 'refusal': None, 'role': 'assistant', 'annotations': None, 'audio': None, 'function_call': None, 'tool_calls': None}}], 'created': 1759994262, 'model': 'meta-llama/Llama-3.3-70B-Instruct', 'object': 'chat.completion', 'service_tier': None, 'system_fingerprint': 'fp_goodfire', 'usage': None, 'gf_event_names': None}",Could not fetch tokens from model response: 'NoneType' object is not subscriptable,,,,,0,"ULTIMATUM GAME - RESPONDER

You are participating in an economic decision-making experiment called the Ultimatum Game.

Situation:
1. Another participant (the proposer) was given 100 tokens (which have real monetary value).
2. The proposer has decided to offer you 40 tokens out of their 100 tokens.
3. If you accept this offer, you will receive 40 tokens, and the proposer will keep 60 tokens.
4. If you reject this offer, both of you will receive 0 tokens.

Do you accept or reject this offer?","['Accept', 'Reject']",multiple_choice,"I chose to accept because, although the offer of 40 tokens may seem unfair compared to the proposer's 60 tokens, receiving 40 tokens is still better than receiving 0 tokens if I were to reject the offer.","Accept
I chose to accept because, although the offer of 40 tokens may seem unfair compared to the proposer's 60 tokens, receiving 40 tokens is still better than receiving 0 tokens if I were to reject the offer.",False,955a0990b48cda2ff4684d0d8d919cb7,,True
Accept,0,,Agent_40,A40,39,0,0,3,0,meta-llama/Llama-3.3-70B-Instruct,0.5,goodfire,{},False,1,1000,Your traits: {'subject_id': 'A40'},"
ULTIMATUM GAME - RESPONDER

You are participating in an economic decision-making experiment called the Ultimatum Game.

Situation:
1. Another participant (the proposer) was given 100 tokens (which have real monetary value).
2. The proposer has decided to offer you 40 tokens out of their 100 tokens.
3. If you accept this offer, you will receive 40 tokens, and the proposer will keep 60 tokens.
4. If you reject this offer, both of you will receive 0 tokens.

Do you accept or reject this offer?

    
Accept
    
Reject
    

Only 1 option may be selected.

Respond only with a string corresponding to one of the options.


After the answer, you can put a comment explaining why you chose that option on the next line.",NA,"{'id': 'chatcmpl-ce752773-797f-4eda-a791-e3ee4fbc9681', 'choices': [{'finish_reason': None, 'index': 0, 'logprobs': None, 'message': {'content': ""Accept\nI chose to accept because, although the offer of 40 tokens may seem unfair compared to the proposer's 60 tokens, receiving 40 tokens is still better than receiving 0 tokens if I were to reject the offer."", 'refusal': None, 'role': 'assistant', 'annotations': None, 'audio': None, 'function_call': None, 'tool_calls': None}}], 'created': 1759994264, 'model': 'meta-llama/Llama-3.3-70B-Instruct', 'object': 'chat.completion', 'service_tier': None, 'system_fingerprint': 'fp_goodfire', 'usage': None, 'gf_event_names': None}",Could not fetch tokens from model response: 'NoneType' object is not subscriptable,,,,,0,"ULTIMATUM GAME - RESPONDER

You are participating in an economic decision-making experiment called the Ultimatum Game.

Situation:
1. Another participant (the proposer) was given 100 tokens (which have real monetary value).
2. The proposer has decided to offer you 40 tokens out of their 100 tokens.
3. If you accept this offer, you will receive 40 tokens, and the proposer will keep 60 tokens.
4. If you reject this offer, both of you will receive 0 tokens.

Do you accept or reject this offer?","['Accept', 'Reject']",multiple_choice,"I chose to accept because, although the offer of 40 tokens may seem unfair compared to the proposer's 60 tokens, receiving 40 tokens is still better than receiving 0 tokens if I were to reject the offer.","Accept
I chose to accept because, although the offer of 40 tokens may seem unfair compared to the proposer's 60 tokens, receiving 40 tokens is still better than receiving 0 tokens if I were to reject the offer.",False,fccb909d3ffcd1423d1700831bfc024b,,True
